[29, 39, 49, 59, 69, 34, 44, 54, 64, 55, 65, 75, 72, 73, 74, 15, 16]
[59, 69, 79, 89, 99, 12, 22, 32, 42, 73, 83, 93, 33, 34, 35, 71, 72]
[94, 95, 96, 97, 98, 22, 23, 24, 25, 20, 30, 40, 64, 65, 66, 75, 85]
[48, 58, 68, 78, 88, 42, 43, 44, 45, 23, 24, 25, 37, 38, 39, 75, 76]
[9, 19, 29, 39, 49, 23, 24, 25, 26, 57, 58, 59, 82, 83, 84, 43, 44]
[3, 4, 5, 6, 7, 23, 33, 43, 53, 36, 46, 56, 59, 69, 79, 10, 11]
[54, 55, 56, 57, 58, 82, 83, 84, 85, 40, 41, 42, 70, 71, 72, 73, 74]
[53, 54, 55, 56, 57, 63, 73, 83, 93, 84, 85, 86, 22, 32, 42, 74, 75]
[32, 33, 34, 35, 36, 57, 67, 77, 87, 83, 84, 85, 44, 54, 64, 37, 38]
[31, 41, 51, 61, 71, 26, 36, 46, 56, 45, 55, 65, 62, 63, 64, 42, 52]
[51, 61, 71, 81, 91, 86, 87, 88, 89, 25, 35, 45, 0, 1, 2, 20, 30]
[46, 56, 66, 76, 86, 6, 16, 26, 36, 87, 88, 89, 24, 34, 44, 13, 23]
[21, 22, 23, 24, 25, 48, 58, 68, 78, 94, 95, 96, 16, 26, 36, 73, 83]
[43, 44, 45, 46, 47, 30, 31, 32, 33, 40, 41, 42, 2, 3, 4, 48, 58]
[35, 36, 37, 38, 39, 4, 14, 24, 34, 51, 61, 71, 65, 66, 67, 80, 81]
[63, 64, 65, 66, 67, 81, 82, 83, 84, 85, 86, 87, 79, 89, 99, 45, 55]
[18, 28, 38, 48, 58, 96, 97, 98, 99, 40, 41, 42, 34, 35, 36, 46, 56]
[7, 17, 27, 37, 47, 30, 31, 32, 33, 91, 92, 93, 53, 54, 55, 51, 52]
[40, 50, 60, 70, 80, 74, 75, 76, 77, 48, 58, 68, 11, 21, 31, 44, 54]
[94, 95, 96, 97, 98, 31, 41, 51, 61, 53, 54, 55, 16, 26, 36, 91, 92]
[25, 26, 27, 28, 29, 80, 81, 82, 83, 34, 35, 36, 37, 47, 57, 1, 2]
[41, 42, 43, 44, 45, 0, 10, 20, 30, 37, 47, 57, 56, 66, 76, 38, 48]
[32, 33, 34, 35, 36, 25, 26, 27, 28, 65, 75, 85, 7, 8, 9, 50, 51]
[15, 25, 35, 45, 55, 2, 12, 22, 32, 53, 63, 73, 36, 46, 56, 41, 42]
[52, 62, 72, 82, 92, 54, 64, 74, 84, 76, 77, 78, 49, 59, 69, 12, 13]
[81, 82, 83, 84, 85, 24, 34, 44, 54, 30, 31, 32, 94, 95, 96, 77, 78]
[13, 14, 15, 16, 17, 31, 41, 51, 61, 63, 73, 83, 76, 86, 96, 52, 53]
[59, 69, 79, 89, 99, 54, 55, 56, 57, 41, 42, 43, 12, 13, 14, 10, 20]
[19, 29, 39, 49, 59, 57, 67, 77, 87, 61, 62, 63, 16, 26, 36, 83, 84]
[92, 93, 94, 95, 96, 45, 46, 47, 48, 7, 8, 9, 42, 43, 44, 56, 66]
[9, 19, 29, 39, 49, 35, 36, 37, 38, 55, 56, 57, 1, 11, 21, 64, 65]
[22, 23, 24, 25, 26, 43, 53, 63, 73, 54, 64, 74, 55, 65, 75, 96, 97]
[35, 36, 37, 38, 39, 48, 58, 68, 78, 91, 92, 93, 64, 74, 84, 19, 29]
[42, 43, 44, 45, 46, 4, 14, 24, 34, 47, 48, 49, 13, 23, 33, 22, 32]
[74, 75, 76, 77, 78, 64, 65, 66, 67, 48, 58, 68, 24, 34, 44, 21, 22]
[43, 44, 45, 46, 47, 70, 71, 72, 73, 32, 33, 34, 67, 77, 87, 53, 54]
[57, 67, 77, 87, 97, 34, 35, 36, 37, 32, 42, 52, 41, 51, 61, 56, 66]
[34, 44, 54, 64, 74, 45, 46, 47, 48, 83, 84, 85, 37, 38, 39, 30, 40]
[23, 24, 25, 26, 27, 60, 70, 80, 90, 40, 41, 42, 1, 2, 3, 59, 69]
[41, 51, 61, 71, 81, 32, 33, 34, 35, 10, 20, 30, 86, 87, 88, 29, 39]
[15, 25, 35, 45, 55, 4, 5, 6, 7, 94, 95, 96, 59, 69, 79, 22, 32]
[52, 53, 54, 55, 56, 73, 74, 75, 76, 94, 95, 96, 63, 64, 65, 19, 29]
[91, 92, 93, 94, 95, 7, 17, 27, 37, 69, 79, 89, 26, 36, 46, 8, 9]
[39, 49, 59, 69, 79, 71, 72, 73, 74, 77, 87, 97, 6, 16, 26, 19, 29]
[48, 58, 68, 78, 88, 20, 21, 22, 23, 64, 65, 66, 70, 71, 72, 36, 37]
[4, 14, 24, 34, 44, 26, 36, 46, 56, 40, 41, 42, 53, 54, 55, 87, 88]
[45, 55, 65, 75, 85, 0, 10, 20, 30, 87, 88, 89, 33, 43, 53, 36, 37]
[19, 29, 39, 49, 59, 92, 93, 94, 95, 23, 33, 43, 78, 88, 98, 46, 56]
[19, 29, 39, 49, 59, 54, 64, 74, 84, 57, 67, 77, 21, 31, 41, 14, 24]
[28, 38, 48, 58, 68, 11, 21, 31, 41, 74, 84, 94, 12, 22, 32, 46, 56]
[55, 56, 57, 58, 59, 54, 64, 74, 84, 62, 72, 82, 0, 1, 2, 65, 66]
[27, 37, 47, 57, 67, 5, 6, 7, 8, 41, 42, 43, 55, 65, 75, 79, 89]
[34, 35, 36, 37, 38, 43, 53, 63, 73, 79, 89, 99, 77, 87, 97, 40, 41]
[80, 81, 82, 83, 84, 36, 46, 56, 66, 50, 60, 70, 5, 6, 7, 98, 99]
[12, 22, 32, 42, 52, 47, 57, 67, 77, 31, 41, 51, 78, 88, 98, 55, 65]
[74, 75, 76, 77, 78, 64, 65, 66, 67, 54, 55, 56, 71, 81, 91, 15, 16]
[95, 96, 97, 98, 99, 13, 14, 15, 16, 23, 24, 25, 40, 50, 60, 56, 57]
[16, 26, 36, 46, 56, 21, 22, 23, 24, 50, 60, 70, 38, 48, 58, 1, 11]
[2, 3, 4, 5, 6, 24, 34, 44, 54, 40, 50, 60, 39, 49, 59, 74, 75]
[85, 86, 87, 88, 89, 16, 17, 18, 19, 33, 34, 35, 47, 57, 67, 64, 74]
[44, 54, 64, 74, 84, 23, 24, 25, 26, 90, 91, 92, 10, 20, 30, 4, 5]
[84, 85, 86, 87, 88, 50, 60, 70, 80, 23, 33, 43, 37, 38, 39, 59, 69]
[43, 44, 45, 46, 47, 11, 12, 13, 14, 74, 75, 76, 2, 3, 4, 24, 25]
[20, 21, 22, 23, 24, 52, 53, 54, 55, 19, 29, 39, 43, 44, 45, 41, 42]
[50, 60, 70, 80, 90, 73, 74, 75, 76, 31, 32, 33, 84, 85, 86, 28, 29]
[43, 53, 63, 73, 83, 30, 31, 32, 33, 4, 14, 24, 5, 15, 25, 91, 92]
[60, 61, 62, 63, 64, 45, 55, 65, 75, 28, 38, 48, 74, 84, 94, 4, 5]
[71, 72, 73, 74, 75, 6, 7, 8, 9, 13, 14, 15, 39, 49, 59, 68, 69]
[63, 64, 65, 66, 67, 52, 53, 54, 55, 80, 81, 82, 84, 85, 86, 21, 31]
[74, 75, 76, 77, 78, 51, 61, 71, 81, 13, 14, 15, 56, 57, 58, 83, 84]
[31, 32, 33, 34, 35, 43, 53, 63, 73, 45, 55, 65, 3, 13, 23, 61, 62]
[41, 51, 61, 71, 81, 44, 54, 64, 74, 66, 76, 86, 6, 7, 8, 22, 32]
[53, 63, 73, 83, 93, 9, 19, 29, 39, 47, 57, 67, 20, 30, 40, 55, 56]
[4, 5, 6, 7, 8, 96, 97, 98, 99, 83, 84, 85, 62, 72, 82, 54, 64]
[51, 61, 71, 81, 91, 52, 53, 54, 55, 56, 66, 76, 12, 22, 32, 3, 13]
[13, 14, 15, 16, 17, 21, 31, 41, 51, 19, 29, 39, 91, 92, 93, 58, 68]
[59, 69, 79, 89, 99, 37, 47, 57, 67, 54, 64, 74, 60, 70, 80, 18, 19]
[55, 56, 57, 58, 59, 51, 52, 53, 54, 68, 78, 88, 94, 95, 96, 21, 31]
[53, 63, 73, 83, 93, 10, 11, 12, 13, 46, 47, 48, 57, 67, 77, 1, 2]
[55, 56, 57, 58, 59, 46, 47, 48, 49, 7, 8, 9, 14, 24, 34, 17, 27]
[5, 6, 7, 8, 9, 86, 87, 88, 89, 25, 26, 27, 0, 1, 2, 64, 65]
[10, 11, 12, 13, 14, 19, 29, 39, 49, 5, 15, 25, 36, 37, 38, 85, 86]
[52, 62, 72, 82, 92, 5, 6, 7, 8, 42, 43, 44, 13, 23, 33, 28, 29]
[17, 27, 37, 47, 57, 1, 2, 3, 4, 11, 21, 31, 66, 76, 86, 58, 59]
[4, 5, 6, 7, 8, 12, 13, 14, 15, 72, 73, 74, 22, 23, 24, 17, 18]
[65, 66, 67, 68, 69, 26, 36, 46, 56, 61, 71, 81, 43, 44, 45, 18, 28]
[25, 26, 27, 28, 29, 91, 92, 93, 94, 1, 2, 3, 63, 73, 83, 7, 8]
[9, 19, 29, 39, 49, 72, 73, 74, 75, 51, 61, 71, 2, 12, 22, 84, 94]
[2, 12, 22, 32, 42, 61, 62, 63, 64, 26, 27, 28, 80, 81, 82, 39, 49]
[55, 56, 57, 58, 59, 34, 35, 36, 37, 61, 62, 63, 3, 4, 5, 91, 92]
[6, 16, 26, 36, 46, 0, 1, 2, 3, 81, 82, 83, 17, 27, 37, 57, 67]
[3, 13, 23, 33, 43, 34, 44, 54, 64, 0, 10, 20, 41, 51, 61, 52, 62]
[61, 62, 63, 64, 65, 2, 12, 22, 32, 16, 26, 36, 37, 47, 57, 33, 43]
[30, 31, 32, 33, 34, 7, 17, 27, 37, 82, 83, 84, 3, 13, 23, 52, 53]
[25, 26, 27, 28, 29, 21, 22, 23, 24, 70, 80, 90, 86, 87, 88, 32, 42]
[3, 4, 5, 6, 7, 74, 75, 76, 77, 86, 87, 88, 61, 62, 63, 57, 67]
[10, 11, 12, 13, 14, 91, 92, 93, 94, 54, 64, 74, 18, 28, 38, 46, 56]
[32, 42, 52, 62, 72, 6, 16, 26, 36, 51, 61, 71, 80, 81, 82, 89, 99]
[56, 66, 76, 86, 96, 11, 21, 31, 41, 17, 27, 37, 34, 35, 36, 14, 15]
[35, 45, 55, 65, 75, 13, 23, 33, 43, 25, 26, 27, 56, 57, 58, 36, 46]
[53, 54, 55, 56, 57, 29, 39, 49, 59, 26, 27, 28, 63, 73, 83, 58, 68]
[22, 23, 24, 25, 26, 70, 71, 72, 73, 7, 8, 9, 41, 42, 43, 39, 49]
[50, 51, 52, 53, 54, 91, 92, 93, 94, 19, 29, 39, 26, 27, 28, 38, 48]
[33, 34, 35, 36, 37, 86, 87, 88, 89, 60, 70, 80, 51, 52, 53, 56, 66]
[3, 13, 23, 33, 43, 64, 65, 66, 67, 93, 94, 95, 85, 86, 87, 6, 16]
[54, 64, 74, 84, 94, 59, 69, 79, 89, 16, 17, 18, 23, 33, 43, 10, 20]
[93, 94, 95, 96, 97, 16, 17, 18, 19, 67, 77, 87, 45, 55, 65, 70, 80]
[71, 72, 73, 74, 75, 9, 19, 29, 39, 61, 62, 63, 56, 57, 58, 64, 65]
[2, 12, 22, 32, 42, 76, 77, 78, 79, 36, 37, 38, 56, 57, 58, 40, 50]
[94, 95, 96, 97, 98, 13, 23, 33, 43, 53, 63, 73, 24, 25, 26, 34, 35]
[73, 74, 75, 76, 77, 35, 36, 37, 38, 86, 87, 88, 47, 57, 67, 2, 3]
[15, 16, 17, 18, 19, 25, 35, 45, 55, 49, 59, 69, 0, 1, 2, 20, 21]
[4, 14, 24, 34, 44, 45, 46, 47, 48, 79, 89, 99, 53, 54, 55, 40, 41]
[0, 10, 20, 30, 40, 24, 25, 26, 27, 80, 81, 82, 66, 76, 86, 83, 84]
[21, 22, 23, 24, 25, 41, 42, 43, 44, 82, 83, 84, 65, 75, 85, 79, 89]
[65, 66, 67, 68, 69, 52, 53, 54, 55, 81, 82, 83, 41, 51, 61, 25, 26]
[21, 31, 41, 51, 61, 0, 1, 2, 3, 75, 85, 95, 30, 40, 50, 27, 37]
[53, 63, 73, 83, 93, 10, 11, 12, 13, 54, 55, 56, 68, 78, 88, 76, 86]
[42, 43, 44, 45, 46, 57, 67, 77, 87, 82, 83, 84, 58, 68, 78, 25, 26]
[10, 11, 12, 13, 14, 64, 65, 66, 67, 51, 52, 53, 34, 35, 36, 41, 42]
[38, 48, 58, 68, 78, 73, 74, 75, 76, 67, 77, 87, 14, 24, 34, 5, 6]
[13, 14, 15, 16, 17, 6, 7, 8, 9, 81, 82, 83, 36, 37, 38, 41, 42]
[0, 1, 2, 3, 4, 52, 62, 72, 82, 59, 69, 79, 45, 46, 47, 75, 76]
[80, 81, 82, 83, 84, 24, 34, 44, 54, 94, 95, 96, 37, 47, 57, 35, 45]
[30, 31, 32, 33, 34, 23, 24, 25, 26, 7, 8, 9, 64, 74, 84, 65, 75]
[54, 64, 74, 84, 94, 57, 67, 77, 87, 20, 21, 22, 46, 47, 48, 31, 32]
[94, 95, 96, 97, 98, 6, 16, 26, 36, 67, 77, 87, 7, 8, 9, 55, 65]
[10, 11, 12, 13, 14, 66, 67, 68, 69, 36, 37, 38, 41, 51, 61, 23, 33]
[56, 66, 76, 86, 96, 22, 23, 24, 25, 30, 40, 50, 48, 58, 68, 70, 71]
[6, 16, 26, 36, 46, 72, 73, 74, 75, 56, 57, 58, 9, 19, 29, 17, 27]
[54, 64, 74, 84, 94, 42, 52, 62, 72, 32, 33, 34, 1, 11, 21, 89, 99]
[3, 13, 23, 33, 43, 15, 16, 17, 18, 70, 80, 90, 19, 29, 39, 97, 98]
[92, 93, 94, 95, 96, 60, 70, 80, 90, 6, 7, 8, 14, 24, 34, 22, 32]
[90, 91, 92, 93, 94, 57, 67, 77, 87, 52, 53, 54, 56, 66, 76, 22, 32]
[27, 37, 47, 57, 67, 5, 6, 7, 8, 13, 23, 33, 94, 95, 96, 92, 93]
[43, 44, 45, 46, 47, 20, 30, 40, 50, 60, 61, 62, 11, 12, 13, 34, 35]
[30, 40, 50, 60, 70, 2, 3, 4, 5, 7, 17, 27, 72, 73, 74, 93, 94]
[10, 20, 30, 40, 50, 49, 59, 69, 79, 44, 45, 46, 64, 65, 66, 31, 41]
[48, 58, 68, 78, 88, 6, 16, 26, 36, 23, 24, 25, 12, 22, 32, 21, 31]
[20, 30, 40, 50, 60, 36, 37, 38, 39, 48, 58, 68, 55, 56, 57, 62, 63]
[3, 4, 5, 6, 7, 26, 36, 46, 56, 32, 42, 52, 43, 44, 45, 21, 22]
[53, 54, 55, 56, 57, 30, 40, 50, 60, 58, 68, 78, 90, 91, 92, 63, 73]
[47, 57, 67, 77, 87, 92, 93, 94, 95, 82, 83, 84, 0, 1, 2, 14, 24]
[55, 65, 75, 85, 95, 29, 39, 49, 59, 82, 83, 84, 14, 24, 34, 40, 41]
[81, 82, 83, 84, 85, 33, 34, 35, 36, 71, 72, 73, 19, 29, 39, 89, 99]
[92, 93, 94, 95, 96, 0, 1, 2, 3, 39, 49, 59, 38, 48, 58, 14, 24]
[54, 64, 74, 84, 94, 11, 21, 31, 41, 67, 68, 69, 2, 3, 4, 88, 98]
[31, 41, 51, 61, 71, 96, 97, 98, 99, 11, 12, 13, 43, 53, 63, 36, 37]
[11, 12, 13, 14, 15, 39, 49, 59, 69, 56, 57, 58, 46, 47, 48, 72, 73]
[26, 36, 46, 56, 66, 51, 61, 71, 81, 29, 39, 49, 45, 55, 65, 93, 94]
[20, 30, 40, 50, 60, 82, 83, 84, 85, 93, 94, 95, 3, 4, 5, 61, 71]
[23, 24, 25, 26, 27, 11, 12, 13, 14, 80, 81, 82, 8, 18, 28, 1, 2]
[92, 93, 94, 95, 96, 38, 48, 58, 68, 14, 24, 34, 97, 98, 99, 60, 70]
[44, 54, 64, 74, 84, 4, 5, 6, 7, 38, 48, 58, 86, 87, 88, 60, 61]
[92, 93, 94, 95, 96, 21, 22, 23, 24, 44, 45, 46, 13, 14, 15, 40, 41]
[72, 73, 74, 75, 76, 12, 13, 14, 15, 23, 24, 25, 47, 48, 49, 40, 50]
[21, 22, 23, 24, 25, 42, 43, 44, 45, 77, 78, 79, 51, 52, 53, 70, 80]
[31, 41, 51, 61, 71, 93, 94, 95, 96, 75, 76, 77, 52, 53, 54, 37, 38]
[3, 4, 5, 6, 7, 42, 43, 44, 45, 72, 82, 92, 70, 80, 90, 2, 12]
[5, 15, 25, 35, 45, 55, 56, 57, 58, 63, 73, 83, 59, 69, 79, 65, 75]
[0, 1, 2, 3, 4, 5, 15, 25, 35, 45, 46, 47, 60, 61, 62, 26, 27]
[90, 91, 92, 93, 94, 16, 26, 36, 46, 52, 53, 54, 21, 22, 23, 14, 24]
[54, 64, 74, 84, 94, 5, 6, 7, 8, 70, 71, 72, 28, 38, 48, 44, 45]
[31, 32, 33, 34, 35, 19, 29, 39, 49, 6, 16, 26, 74, 84, 94, 2, 12]
[20, 30, 40, 50, 60, 15, 16, 17, 18, 94, 95, 96, 53, 63, 73, 90, 91]
[3, 13, 23, 33, 43, 81, 82, 83, 84, 0, 10, 20, 35, 45, 55, 27, 28]
[18, 28, 38, 48, 58, 10, 20, 30, 40, 97, 98, 99, 26, 36, 46, 33, 43]
[53, 54, 55, 56, 57, 3, 13, 23, 33, 64, 74, 84, 41, 51, 61, 86, 96]
[65, 66, 67, 68, 69, 81, 82, 83, 84, 41, 42, 43, 34, 35, 36, 92, 93]
[40, 50, 60, 70, 80, 5, 6, 7, 8, 0, 1, 2, 11, 12, 13, 78, 79]
[16, 26, 36, 46, 56, 51, 52, 53, 54, 92, 93, 94, 50, 60, 70, 41, 42]
[60, 61, 62, 63, 64, 66, 76, 86, 96, 22, 23, 24, 90, 91, 92, 4, 14]
[51, 52, 53, 54, 55, 20, 30, 40, 50, 17, 18, 19, 0, 1, 2, 61, 71]
[21, 22, 23, 24, 25, 35, 36, 37, 38, 52, 62, 72, 85, 86, 87, 48, 49]
[26, 36, 46, 56, 66, 30, 31, 32, 33, 79, 89, 99, 16, 17, 18, 41, 42]
[33, 34, 35, 36, 37, 72, 73, 74, 75, 64, 65, 66, 11, 21, 31, 24, 25]
[15, 25, 35, 45, 55, 34, 44, 54, 64, 56, 57, 58, 27, 37, 47, 76, 86]
[44, 45, 46, 47, 48, 55, 56, 57, 58, 54, 64, 74, 10, 11, 12, 98, 99]
[18, 28, 38, 48, 58, 56, 66, 76, 86, 0, 1, 2, 21, 22, 23, 77, 78]
[16, 26, 36, 46, 56, 30, 40, 50, 60, 87, 88, 89, 95, 96, 97, 22, 23]
[48, 58, 68, 78, 88, 45, 55, 65, 75, 83, 84, 85, 5, 6, 7, 43, 53]
[51, 52, 53, 54, 55, 66, 67, 68, 69, 1, 11, 21, 18, 28, 38, 32, 33]
[63, 64, 65, 66, 67, 58, 68, 78, 88, 10, 20, 30, 51, 52, 53, 75, 76]
[70, 71, 72, 73, 74, 94, 95, 96, 97, 22, 32, 42, 27, 28, 29, 86, 87]
[34, 35, 36, 37, 38, 10, 20, 30, 40, 65, 66, 67, 22, 23, 24, 61, 62]
[92, 93, 94, 95, 96, 10, 11, 12, 13, 58, 68, 78, 41, 51, 61, 21, 22]
[6, 16, 26, 36, 46, 33, 43, 53, 63, 83, 84, 85, 37, 47, 57, 18, 19]
[19, 29, 39, 49, 59, 30, 40, 50, 60, 24, 25, 26, 13, 14, 15, 75, 85]
[54, 55, 56, 57, 58, 51, 61, 71, 81, 28, 38, 48, 39, 49, 59, 68, 78]
[95, 96, 97, 98, 99, 49, 59, 69, 79, 62, 63, 64, 71, 81, 91, 45, 46]
[17, 27, 37, 47, 57, 62, 72, 82, 92, 43, 53, 63, 51, 61, 71, 11, 21]
[58, 68, 78, 88, 98, 70, 71, 72, 73, 0, 10, 20, 35, 36, 37, 84, 85]
[36, 46, 56, 66, 76, 6, 7, 8, 9, 31, 41, 51, 55, 65, 75, 39, 49]
[1, 11, 21, 31, 41, 65, 66, 67, 68, 50, 51, 52, 9, 19, 29, 87, 88]
[0, 10, 20, 30, 40, 26, 36, 46, 56, 61, 71, 81, 11, 12, 13, 83, 93]
[73, 74, 75, 76, 77, 50, 51, 52, 53, 83, 84, 85, 0, 10, 20, 29, 39]
[42, 52, 62, 72, 82, 19, 29, 39, 49, 47, 57, 67, 34, 35, 36, 12, 13]
[43, 44, 45, 46, 47, 90, 91, 92, 93, 34, 35, 36, 5, 15, 25, 59, 69]
[90, 91, 92, 93, 94, 22, 23, 24, 25, 8, 18, 28, 30, 40, 50, 5, 6]
[20, 21, 22, 23, 24, 86, 87, 88, 89, 76, 77, 78, 25, 26, 27, 97, 98]
[23, 33, 43, 53, 63, 2, 12, 22, 32, 90, 91, 92, 45, 46, 47, 49, 59]
[55, 65, 75, 85, 95, 21, 22, 23, 24, 70, 71, 72, 7, 17, 27, 6, 16]
[33, 43, 53, 63, 73, 56, 66, 76, 86, 87, 88, 89, 24, 25, 26, 67, 77]
[21, 31, 41, 51, 61, 42, 43, 44, 45, 23, 24, 25, 70, 80, 90, 38, 39]
[81, 82, 83, 84, 85, 17, 27, 37, 47, 55, 65, 75, 5, 15, 25, 58, 59]
[43, 44, 45, 46, 47, 58, 68, 78, 88, 60, 70, 80, 74, 75, 76, 23, 33]
[13, 23, 33, 43, 53, 61, 71, 81, 91, 75, 76, 77, 27, 37, 47, 30, 31]
[3, 4, 5, 6, 7, 25, 26, 27, 28, 12, 22, 32, 37, 38, 39, 85, 95]
[0, 10, 20, 30, 40, 21, 31, 41, 51, 35, 45, 55, 1, 2, 3, 47, 48]
[42, 43, 44, 45, 46, 65, 66, 67, 68, 25, 26, 27, 7, 8, 9, 55, 56]
[41, 51, 61, 71, 81, 33, 34, 35, 36, 26, 27, 28, 11, 21, 31, 94, 95]
[34, 35, 36, 37, 38, 23, 33, 43, 53, 25, 26, 27, 71, 81, 91, 55, 56]
[15, 16, 17, 18, 19, 54, 64, 74, 84, 79, 89, 99, 45, 55, 65, 0, 1]
[54, 55, 56, 57, 58, 50, 51, 52, 53, 69, 79, 89, 12, 13, 14, 87, 97]
[60, 61, 62, 63, 64, 82, 83, 84, 85, 53, 54, 55, 92, 93, 94, 78, 88]
[64, 65, 66, 67, 68, 23, 24, 25, 26, 90, 91, 92, 18, 28, 38, 87, 97]
[60, 61, 62, 63, 64, 2, 3, 4, 5, 49, 59, 69, 20, 21, 22, 28, 29]
[41, 51, 61, 71, 81, 24, 34, 44, 54, 0, 1, 2, 68, 78, 88, 48, 58]
[57, 67, 77, 87, 97, 39, 49, 59, 69, 36, 37, 38, 93, 94, 95, 10, 20]
[12, 22, 32, 42, 52, 56, 66, 76, 86, 95, 96, 97, 7, 17, 27, 93, 94]
[40, 41, 42, 43, 44, 46, 47, 48, 49, 16, 26, 36, 1, 11, 21, 31, 32]
[21, 31, 41, 51, 61, 40, 50, 60, 70, 4, 14, 24, 10, 11, 12, 28, 38]
[33, 43, 53, 63, 73, 11, 12, 13, 14, 34, 35, 36, 40, 50, 60, 10, 20]
[93, 94, 95, 96, 97, 56, 57, 58, 59, 10, 20, 30, 74, 75, 76, 6, 7]
[20, 30, 40, 50, 60, 51, 61, 71, 81, 73, 83, 93, 3, 4, 5, 7, 17]
[54, 55, 56, 57, 58, 11, 12, 13, 14, 59, 69, 79, 27, 37, 47, 34, 35]
[6, 16, 26, 36, 46, 61, 71, 81, 91, 79, 89, 99, 9, 19, 29, 8, 18]
[11, 21, 31, 41, 51, 45, 46, 47, 48, 79, 89, 99, 95, 96, 97, 43, 44]
[18, 28, 38, 48, 58, 5, 6, 7, 8, 55, 56, 57, 30, 31, 32, 72, 82]
[31, 41, 51, 61, 71, 4, 5, 6, 7, 17, 18, 19, 70, 80, 90, 47, 57]
[32, 42, 52, 62, 72, 39, 49, 59, 69, 55, 65, 75, 11, 12, 13, 41, 51]
[16, 26, 36, 46, 56, 49, 59, 69, 79, 43, 53, 63, 3, 13, 23, 58, 68]
[47, 57, 67, 77, 87, 60, 70, 80, 90, 21, 22, 23, 43, 53, 63, 44, 54]
[47, 57, 67, 77, 87, 41, 42, 43, 44, 40, 50, 60, 52, 53, 54, 14, 15]
[1, 11, 21, 31, 41, 95, 96, 97, 98, 32, 33, 34, 18, 28, 38, 43, 53]
[52, 53, 54, 55, 56, 62, 63, 64, 65, 19, 29, 39, 25, 26, 27, 61, 71]
[37, 47, 57, 67, 77, 26, 27, 28, 29, 1, 11, 21, 40, 41, 42, 60, 61]
[35, 45, 55, 65, 75, 66, 76, 86, 96, 57, 58, 59, 61, 71, 81, 2, 3]
[25, 35, 45, 55, 65, 68, 78, 88, 98, 47, 57, 67, 0, 1, 2, 54, 64]
[20, 21, 22, 23, 24, 19, 29, 39, 49, 81, 82, 83, 30, 40, 50, 32, 33]
[60, 61, 62, 63, 64, 35, 45, 55, 65, 14, 24, 34, 41, 42, 43, 11, 21]
[56, 66, 76, 86, 96, 31, 41, 51, 61, 90, 91, 92, 42, 43, 44, 13, 23]
[32, 33, 34, 35, 36, 93, 94, 95, 96, 41, 42, 43, 72, 82, 92, 46, 47]
[95, 96, 97, 98, 99, 10, 20, 30, 40, 44, 54, 64, 55, 56, 57, 29, 39]
[47, 57, 67, 77, 87, 3, 13, 23, 33, 45, 55, 65, 60, 70, 80, 9, 19]
[91, 92, 93, 94, 95, 64, 65, 66, 67, 71, 72, 73, 11, 12, 13, 29, 39]
[40, 41, 42, 43, 44, 82, 83, 84, 85, 93, 94, 95, 70, 71, 72, 36, 46]
[53, 54, 55, 56, 57, 44, 45, 46, 47, 61, 62, 63, 84, 85, 86, 20, 30]
[4, 5, 6, 7, 8, 25, 26, 27, 28, 34, 35, 36, 82, 83, 84, 33, 43]
[0, 1, 2, 3, 4, 71, 72, 73, 74, 69, 79, 89, 6, 7, 8, 46, 47]
[46, 56, 66, 76, 86, 49, 59, 69, 79, 78, 88, 98, 52, 53, 54, 81, 91]
[2, 12, 22, 32, 42, 10, 20, 30, 40, 72, 82, 92, 73, 74, 75, 45, 46]
[74, 75, 76, 77, 78, 21, 22, 23, 24, 35, 36, 37, 32, 42, 52, 10, 20]
[1, 2, 3, 4, 5, 33, 34, 35, 36, 71, 81, 91, 6, 7, 8, 83, 84]
[3, 4, 5, 6, 7, 25, 35, 45, 55, 13, 23, 33, 69, 79, 89, 76, 77]
[31, 41, 51, 61, 71, 48, 58, 68, 78, 34, 44, 54, 55, 65, 75, 83, 84]
[54, 64, 74, 84, 94, 75, 76, 77, 78, 72, 82, 92, 37, 38, 39, 2, 3]
[94, 95, 96, 97, 98, 16, 26, 36, 46, 54, 55, 56, 51, 61, 71, 66, 76]
[92, 93, 94, 95, 96, 60, 61, 62, 63, 44, 54, 64, 82, 83, 84, 6, 7]
[90, 91, 92, 93, 94, 10, 11, 12, 13, 41, 42, 43, 72, 73, 74, 68, 69]
[4, 5, 6, 7, 8, 74, 75, 76, 77, 27, 28, 29, 23, 33, 43, 56, 57]
[61, 62, 63, 64, 65, 38, 48, 58, 68, 80, 81, 82, 14, 24, 34, 13, 23]
[24, 25, 26, 27, 28, 5, 6, 7, 8, 86, 87, 88, 56, 66, 76, 9, 19]
[45, 46, 47, 48, 49, 69, 79, 89, 99, 37, 38, 39, 57, 67, 77, 3, 13]
[32, 42, 52, 62, 72, 36, 37, 38, 39, 11, 12, 13, 6, 16, 26, 66, 76]
[8, 18, 28, 38, 48, 68, 78, 88, 98, 11, 21, 31, 33, 34, 35, 4, 14]
[49, 59, 69, 79, 89, 21, 31, 41, 51, 67, 77, 87, 36, 46, 56, 3, 4]
[31, 41, 51, 61, 71, 13, 23, 33, 43, 46, 56, 66, 52, 53, 54, 73, 83]
[35, 45, 55, 65, 75, 12, 13, 14, 15, 76, 77, 78, 64, 74, 84, 39, 49]
[71, 72, 73, 74, 75, 85, 86, 87, 88, 24, 34, 44, 16, 17, 18, 0, 10]
[10, 20, 30, 40, 50, 95, 96, 97, 98, 56, 66, 76, 44, 45, 46, 41, 42]
[65, 66, 67, 68, 69, 15, 16, 17, 18, 22, 32, 42, 96, 97, 98, 37, 47]
[62, 63, 64, 65, 66, 81, 82, 83, 84, 57, 58, 59, 27, 37, 47, 4, 5]
[18, 28, 38, 48, 58, 44, 54, 64, 74, 59, 69, 79, 26, 36, 46, 22, 32]
[50, 51, 52, 53, 54, 25, 26, 27, 28, 43, 44, 45, 10, 20, 30, 47, 57]
[13, 14, 15, 16, 17, 40, 41, 42, 43, 60, 61, 62, 36, 37, 38, 24, 34]
[55, 65, 75, 85, 95, 81, 82, 83, 84, 77, 78, 79, 42, 52, 62, 98, 99]
[17, 27, 37, 47, 57, 2, 12, 22, 32, 18, 28, 38, 44, 45, 46, 53, 63]
[41, 42, 43, 44, 45, 85, 86, 87, 88, 2, 3, 4, 33, 34, 35, 12, 13]
[51, 52, 53, 54, 55, 80, 81, 82, 83, 84, 85, 86, 7, 8, 9, 0, 1]
[51, 61, 71, 81, 91, 92, 93, 94, 95, 37, 47, 57, 34, 44, 54, 64, 74]
[24, 34, 44, 54, 64, 7, 17, 27, 37, 47, 48, 49, 96, 97, 98, 90, 91]
[11, 12, 13, 14, 15, 85, 86, 87, 88, 62, 63, 64, 6, 16, 26, 24, 25]
[30, 40, 50, 60, 70, 15, 16, 17, 18, 23, 24, 25, 77, 78, 79, 2, 3]
[32, 42, 52, 62, 72, 25, 35, 45, 55, 39, 49, 59, 30, 40, 50, 8, 9]
[35, 36, 37, 38, 39, 0, 1, 2, 3, 61, 62, 63, 24, 25, 26, 94, 95]
[23, 24, 25, 26, 27, 31, 32, 33, 34, 85, 86, 87, 92, 93, 94, 48, 58]
[55, 56, 57, 58, 59, 12, 13, 14, 15, 17, 27, 37, 64, 65, 66, 70, 80]
[34, 35, 36, 37, 38, 52, 53, 54, 55, 71, 81, 91, 11, 12, 13, 63, 73]
[92, 93, 94, 95, 96, 10, 11, 12, 13, 59, 69, 79, 48, 58, 68, 9, 19]
[32, 42, 52, 62, 72, 41, 51, 61, 71, 14, 24, 34, 1, 11, 21, 13, 23]
[10, 20, 30, 40, 50, 6, 16, 26, 36, 81, 82, 83, 37, 47, 57, 0, 1]
[6, 16, 26, 36, 46, 4, 14, 24, 34, 18, 28, 38, 53, 63, 73, 93, 94]
[75, 76, 77, 78, 79, 30, 40, 50, 60, 54, 55, 56, 13, 23, 33, 11, 21]
[29, 39, 49, 59, 69, 27, 37, 47, 57, 32, 33, 34, 87, 88, 89, 10, 20]
[32, 42, 52, 62, 72, 4, 5, 6, 7, 54, 64, 74, 1, 11, 21, 16, 17]
[83, 84, 85, 86, 87, 44, 54, 64, 74, 43, 53, 63, 57, 67, 77, 3, 4]
[39, 49, 59, 69, 79, 93, 94, 95, 96, 34, 44, 54, 41, 42, 43, 14, 15]
[35, 45, 55, 65, 75, 41, 51, 61, 71, 16, 17, 18, 80, 81, 82, 88, 89]
[13, 23, 33, 43, 53, 30, 40, 50, 60, 26, 36, 46, 20, 21, 22, 75, 85]
[24, 34, 44, 54, 64, 21, 31, 41, 51, 43, 53, 63, 87, 88, 89, 90, 91]
[5, 15, 25, 35, 45, 74, 75, 76, 77, 56, 57, 58, 34, 44, 54, 26, 27]
[4, 5, 6, 7, 8, 32, 42, 52, 62, 69, 79, 89, 71, 81, 91, 39, 49]
[24, 34, 44, 54, 64, 57, 67, 77, 87, 12, 22, 32, 50, 51, 52, 83, 93]
[25, 26, 27, 28, 29, 45, 46, 47, 48, 3, 13, 23, 2, 12, 22, 8, 9]
[45, 55, 65, 75, 85, 67, 77, 87, 97, 14, 24, 34, 41, 51, 61, 32, 33]
[11, 21, 31, 41, 51, 0, 10, 20, 30, 22, 32, 42, 23, 33, 43, 12, 13]
[34, 44, 54, 64, 74, 2, 3, 4, 5, 18, 28, 38, 90, 91, 92, 84, 85]
[91, 92, 93, 94, 95, 11, 12, 13, 14, 40, 50, 60, 16, 26, 36, 52, 62]
[4, 14, 24, 34, 44, 28, 38, 48, 58, 87, 88, 89, 6, 7, 8, 76, 86]
[80, 81, 82, 83, 84, 75, 76, 77, 78, 94, 95, 96, 16, 26, 36, 49, 59]
[59, 69, 79, 89, 99, 26, 27, 28, 29, 37, 38, 39, 14, 24, 34, 50, 60]
[21, 22, 23, 24, 25, 81, 82, 83, 84, 33, 43, 53, 4, 5, 6, 27, 28]
[19, 29, 39, 49, 59, 3, 13, 23, 33, 55, 56, 57, 17, 27, 37, 96, 97]
[73, 74, 75, 76, 77, 36, 37, 38, 39, 62, 63, 64, 90, 91, 92, 25, 26]
[23, 33, 43, 53, 63, 14, 15, 16, 17, 78, 88, 98, 29, 39, 49, 22, 32]
[53, 63, 73, 83, 93, 21, 31, 41, 51, 6, 7, 8, 95, 96, 97, 18, 19]
[43, 53, 63, 73, 83, 28, 38, 48, 58, 10, 11, 12, 44, 54, 64, 18, 19]
[9, 19, 29, 39, 49, 40, 50, 60, 70, 15, 25, 35, 52, 53, 54, 27, 37]
[0, 10, 20, 30, 40, 56, 57, 58, 59, 2, 12, 22, 50, 51, 52, 6, 16]
[35, 36, 37, 38, 39, 92, 93, 94, 95, 10, 11, 12, 45, 46, 47, 30, 31]
[22, 23, 24, 25, 26, 50, 51, 52, 53, 35, 36, 37, 91, 92, 93, 1, 2]
[11, 21, 31, 41, 51, 37, 47, 57, 67, 81, 82, 83, 46, 56, 66, 9, 19]
[22, 32, 42, 52, 62, 12, 13, 14, 15, 57, 67, 77, 63, 64, 65, 17, 18]
[33, 43, 53, 63, 73, 66, 76, 86, 96, 50, 51, 52, 93, 94, 95, 48, 49]
[32, 33, 34, 35, 36, 43, 53, 63, 73, 5, 6, 7, 91, 92, 93, 80, 81]
[54, 64, 74, 84, 94, 43, 44, 45, 46, 50, 60, 70, 55, 56, 57, 92, 93]
[65, 66, 67, 68, 69, 50, 51, 52, 53, 61, 71, 81, 21, 22, 23, 82, 92]
[2, 12, 22, 32, 42, 75, 76, 77, 78, 25, 26, 27, 28, 38, 48, 6, 16]
[6, 16, 26, 36, 46, 69, 79, 89, 99, 11, 12, 13, 28, 38, 48, 41, 42]
[5, 6, 7, 8, 9, 0, 10, 20, 30, 71, 72, 73, 50, 51, 52, 11, 12]
[57, 67, 77, 87, 97, 18, 28, 38, 48, 72, 82, 92, 43, 44, 45, 14, 24]
[9, 19, 29, 39, 49, 68, 78, 88, 98, 63, 64, 65, 92, 93, 94, 71, 81]
[36, 46, 56, 66, 76, 86, 87, 88, 89, 82, 83, 84, 22, 23, 24, 51, 61]
[52, 62, 72, 82, 92, 15, 25, 35, 45, 70, 80, 90, 73, 74, 75, 1, 2]
[84, 85, 86, 87, 88, 53, 63, 73, 83, 26, 27, 28, 67, 68, 69, 5, 15]
[82, 83, 84, 85, 86, 2, 3, 4, 5, 25, 26, 27, 13, 14, 15, 57, 58]
[21, 31, 41, 51, 61, 39, 49, 59, 69, 45, 55, 65, 0, 1, 2, 97, 98]
[0, 10, 20, 30, 40, 90, 91, 92, 93, 37, 38, 39, 86, 87, 88, 94, 95]
[73, 74, 75, 76, 77, 26, 36, 46, 56, 51, 61, 71, 29, 39, 49, 33, 43]
[0, 1, 2, 3, 4, 42, 52, 62, 72, 20, 21, 22, 16, 17, 18, 38, 39]
[85, 86, 87, 88, 89, 65, 66, 67, 68, 60, 70, 80, 55, 56, 57, 53, 63]
[32, 42, 52, 62, 72, 29, 39, 49, 59, 90, 91, 92, 14, 15, 16, 1, 2]
[64, 65, 66, 67, 68, 53, 54, 55, 56, 42, 52, 62, 15, 25, 35, 7, 17]
[11, 21, 31, 41, 51, 38, 48, 58, 68, 71, 81, 91, 75, 85, 95, 78, 79]
[82, 83, 84, 85, 86, 56, 57, 58, 59, 79, 89, 99, 71, 81, 91, 65, 66]
[2, 3, 4, 5, 6, 56, 57, 58, 59, 21, 31, 41, 63, 64, 65, 97, 98]
[61, 62, 63, 64, 65, 13, 14, 15, 16, 17, 18, 19, 66, 76, 86, 40, 41]
[44, 45, 46, 47, 48, 16, 17, 18, 19, 65, 66, 67, 73, 74, 75, 98, 99]
[74, 75, 76, 77, 78, 63, 64, 65, 66, 56, 57, 58, 7, 8, 9, 27, 37]
[31, 32, 33, 34, 35, 26, 27, 28, 29, 7, 8, 9, 86, 87, 88, 81, 82]
[2, 3, 4, 5, 6, 90, 91, 92, 93, 55, 56, 57, 70, 71, 72, 15, 25]
[31, 32, 33, 34, 35, 24, 25, 26, 27, 76, 77, 78, 61, 71, 81, 97, 98]
[54, 64, 74, 84, 94, 69, 79, 89, 99, 44, 45, 46, 28, 38, 48, 32, 33]
[5, 15, 25, 35, 45, 52, 62, 72, 82, 16, 26, 36, 51, 61, 71, 68, 78]
[29, 39, 49, 59, 69, 40, 50, 60, 70, 53, 63, 73, 85, 86, 87, 33, 34]
[0, 10, 20, 30, 40, 71, 72, 73, 74, 91, 92, 93, 67, 77, 87, 94, 95]
[59, 69, 79, 89, 99, 41, 42, 43, 44, 64, 65, 66, 84, 85, 86, 35, 45]
[21, 22, 23, 24, 25, 36, 37, 38, 39, 34, 44, 54, 74, 84, 94, 13, 14]
[54, 55, 56, 57, 58, 8, 18, 28, 38, 67, 68, 69, 90, 91, 92, 87, 88]
[80, 81, 82, 83, 84, 73, 74, 75, 76, 79, 89, 99, 3, 13, 23, 36, 37]
[3, 4, 5, 6, 7, 31, 41, 51, 61, 97, 98, 99, 13, 14, 15, 72, 73]
[23, 33, 43, 53, 63, 4, 5, 6, 7, 73, 74, 75, 71, 81, 91, 2, 3]
[14, 24, 34, 44, 54, 72, 73, 74, 75, 56, 57, 58, 91, 92, 93, 12, 22]
[63, 64, 65, 66, 67, 0, 1, 2, 3, 58, 68, 78, 71, 72, 73, 83, 93]
[11, 21, 31, 41, 51, 28, 38, 48, 58, 70, 80, 90, 77, 87, 97, 18, 19]
[43, 44, 45, 46, 47, 9, 19, 29, 39, 18, 28, 38, 54, 55, 56, 88, 89]
[49, 59, 69, 79, 89, 94, 95, 96, 97, 73, 83, 93, 56, 66, 76, 58, 68]
[5, 15, 25, 35, 45, 12, 22, 32, 42, 47, 57, 67, 23, 33, 43, 0, 1]
[9, 19, 29, 39, 49, 65, 66, 67, 68, 30, 40, 50, 95, 96, 97, 35, 36]
[33, 43, 53, 63, 73, 85, 86, 87, 88, 10, 20, 30, 22, 23, 24, 3, 4]
[30, 40, 50, 60, 70, 62, 63, 64, 65, 27, 37, 47, 32, 42, 52, 7, 17]
[17, 27, 37, 47, 57, 35, 45, 55, 65, 50, 60, 70, 39, 49, 59, 5, 15]
[9, 19, 29, 39, 49, 13, 14, 15, 16, 27, 37, 47, 18, 28, 38, 46, 56]
[52, 62, 72, 82, 92, 11, 12, 13, 14, 54, 55, 56, 77, 87, 97, 43, 44]
[12, 13, 14, 15, 16, 23, 33, 43, 53, 77, 78, 79, 18, 28, 38, 91, 92]
[27, 37, 47, 57, 67, 86, 87, 88, 89, 20, 30, 40, 13, 23, 33, 58, 68]
[7, 17, 27, 37, 47, 12, 13, 14, 15, 68, 78, 88, 39, 49, 59, 98, 99]
[9, 19, 29, 39, 49, 20, 21, 22, 23, 8, 18, 28, 46, 47, 48, 95, 96]
[85, 86, 87, 88, 89, 26, 27, 28, 29, 82, 83, 84, 43, 53, 63, 38, 48]
[5, 15, 25, 35, 45, 3, 13, 23, 33, 74, 75, 76, 22, 32, 42, 94, 95]
[45, 46, 47, 48, 49, 73, 74, 75, 76, 40, 41, 42, 17, 27, 37, 71, 81]
[41, 51, 61, 71, 81, 26, 36, 46, 56, 78, 88, 98, 66, 67, 68, 4, 5]
[26, 36, 46, 56, 66, 9, 19, 29, 39, 16, 17, 18, 23, 33, 43, 81, 91]
[55, 65, 75, 85, 95, 51, 52, 53, 54, 7, 17, 27, 28, 38, 48, 69, 79]
[53, 54, 55, 56, 57, 38, 48, 58, 68, 8, 18, 28, 60, 61, 62, 24, 25]
[42, 52, 62, 72, 82, 13, 14, 15, 16, 26, 36, 46, 43, 53, 63, 47, 57]
[41, 42, 43, 44, 45, 13, 14, 15, 16, 82, 83, 84, 2, 12, 22, 97, 98]
[16, 26, 36, 46, 56, 62, 72, 82, 92, 7, 8, 9, 51, 61, 71, 67, 77]
[62, 63, 64, 65, 66, 41, 42, 43, 44, 9, 19, 29, 55, 56, 57, 79, 89]
[51, 52, 53, 54, 55, 69, 79, 89, 99, 13, 14, 15, 19, 29, 39, 47, 48]
[4, 5, 6, 7, 8, 29, 39, 49, 59, 58, 68, 78, 81, 82, 83, 32, 33]
[30, 40, 50, 60, 70, 53, 54, 55, 56, 64, 74, 84, 94, 95, 96, 22, 23]
[95, 96, 97, 98, 99, 11, 21, 31, 41, 16, 17, 18, 42, 43, 44, 19, 29]
[5, 15, 25, 35, 45, 56, 57, 58, 59, 37, 38, 39, 76, 77, 78, 94, 95]
[75, 76, 77, 78, 79, 6, 16, 26, 36, 15, 25, 35, 73, 83, 93, 44, 54]
[95, 96, 97, 98, 99, 52, 62, 72, 82, 55, 56, 57, 16, 26, 36, 60, 70]
[95, 96, 97, 98, 99, 47, 57, 67, 77, 17, 27, 37, 16, 26, 36, 42, 52]
[1, 2, 3, 4, 5, 31, 32, 33, 34, 67, 68, 69, 20, 21, 22, 16, 17]
[42, 43, 44, 45, 46, 17, 27, 37, 47, 23, 24, 25, 61, 71, 81, 73, 83]
[5, 15, 25, 35, 45, 3, 13, 23, 33, 70, 80, 90, 44, 54, 64, 93, 94]
[16, 26, 36, 46, 56, 96, 97, 98, 99, 38, 48, 58, 52, 53, 54, 86, 87]
[92, 93, 94, 95, 96, 60, 61, 62, 63, 85, 86, 87, 39, 49, 59, 41, 42]
[43, 44, 45, 46, 47, 62, 72, 82, 92, 55, 65, 75, 96, 97, 98, 17, 27]
[34, 35, 36, 37, 38, 40, 50, 60, 70, 13, 14, 15, 46, 47, 48, 65, 75]
[31, 32, 33, 34, 35, 47, 57, 67, 77, 43, 53, 63, 93, 94, 95, 8, 18]
[4, 14, 24, 34, 44, 81, 82, 83, 84, 97, 98, 99, 16, 17, 18, 2, 12]
[45, 55, 65, 75, 85, 30, 31, 32, 33, 10, 11, 12, 77, 87, 97, 1, 2]
[51, 61, 71, 81, 91, 22, 32, 42, 52, 34, 35, 36, 45, 55, 65, 5, 15]
[47, 57, 67, 77, 87, 34, 44, 54, 64, 50, 51, 52, 72, 73, 74, 30, 40]
[22, 23, 24, 25, 26, 47, 57, 67, 77, 54, 64, 74, 80, 81, 82, 88, 89]
[23, 33, 43, 53, 63, 18, 28, 38, 48, 12, 13, 14, 70, 80, 90, 29, 39]
[56, 66, 76, 86, 96, 61, 62, 63, 64, 53, 54, 55, 69, 79, 89, 38, 48]
[24, 34, 44, 54, 64, 17, 27, 37, 47, 6, 7, 8, 45, 55, 65, 61, 71]
[25, 26, 27, 28, 29, 42, 43, 44, 45, 20, 30, 40, 47, 48, 49, 5, 15]
[9, 19, 29, 39, 49, 32, 42, 52, 62, 16, 17, 18, 30, 40, 50, 60, 61]
[54, 55, 56, 57, 58, 52, 62, 72, 82, 87, 88, 89, 83, 84, 85, 32, 33]
[21, 31, 41, 51, 61, 53, 54, 55, 56, 87, 88, 89, 12, 22, 32, 28, 29]
[20, 21, 22, 23, 24, 53, 54, 55, 56, 34, 35, 36, 0, 1, 2, 80, 81]
[59, 69, 79, 89, 99, 10, 11, 12, 13, 77, 87, 97, 26, 36, 46, 5, 6]
[1, 11, 21, 31, 41, 55, 56, 57, 58, 52, 62, 72, 2, 12, 22, 81, 91]
[49, 59, 69, 79, 89, 36, 37, 38, 39, 14, 24, 34, 51, 52, 53, 70, 71]
[72, 73, 74, 75, 76, 19, 29, 39, 49, 14, 15, 16, 77, 78, 79, 32, 33]
[14, 24, 34, 44, 54, 10, 11, 12, 13, 79, 89, 99, 58, 68, 78, 50, 60]
[54, 55, 56, 57, 58, 43, 53, 63, 73, 7, 8, 9, 40, 41, 42, 79, 89]
[1, 11, 21, 31, 41, 14, 15, 16, 17, 22, 32, 42, 45, 55, 65, 74, 84]
[49, 59, 69, 79, 89, 22, 32, 42, 52, 38, 48, 58, 3, 13, 23, 55, 65]
[26, 36, 46, 56, 66, 81, 82, 83, 84, 28, 38, 48, 53, 63, 73, 21, 22]
[48, 58, 68, 78, 88, 95, 96, 97, 98, 52, 53, 54, 57, 67, 77, 63, 64]
[21, 22, 23, 24, 25, 35, 45, 55, 65, 2, 3, 4, 62, 63, 64, 50, 60]
[21, 22, 23, 24, 25, 9, 19, 29, 39, 45, 55, 65, 61, 62, 63, 50, 51]
[31, 41, 51, 61, 71, 59, 69, 79, 89, 32, 33, 34, 4, 14, 24, 20, 30]
[41, 42, 43, 44, 45, 64, 65, 66, 67, 71, 72, 73, 37, 38, 39, 5, 6]
[91, 92, 93, 94, 95, 22, 32, 42, 52, 12, 13, 14, 96, 97, 98, 50, 60]
[52, 53, 54, 55, 56, 86, 87, 88, 89, 24, 25, 26, 90, 91, 92, 77, 78]
[48, 58, 68, 78, 88, 30, 40, 50, 60, 74, 75, 76, 31, 41, 51, 70, 80]
[1, 11, 21, 31, 41, 23, 24, 25, 26, 50, 51, 52, 60, 61, 62, 82, 92]
[22, 23, 24, 25, 26, 64, 65, 66, 67, 0, 1, 2, 16, 17, 18, 21, 31]
[50, 60, 70, 80, 90, 20, 21, 22, 23, 85, 86, 87, 59, 69, 79, 9, 19]
[7, 17, 27, 37, 47, 55, 65, 75, 85, 67, 68, 69, 51, 52, 53, 0, 10]
[1, 2, 3, 4, 5, 52, 62, 72, 82, 73, 83, 93, 70, 80, 90, 77, 78]
[20, 30, 40, 50, 60, 22, 32, 42, 52, 27, 28, 29, 79, 89, 99, 75, 85]
[70, 71, 72, 73, 74, 53, 54, 55, 56, 41, 42, 43, 7, 17, 27, 15, 16]
[43, 44, 45, 46, 47, 16, 17, 18, 19, 66, 67, 68, 20, 21, 22, 0, 10]
[23, 24, 25, 26, 27, 62, 63, 64, 65, 18, 28, 38, 71, 72, 73, 58, 59]
[18, 28, 38, 48, 58, 92, 93, 94, 95, 53, 54, 55, 96, 97, 98, 47, 57]
[3, 13, 23, 33, 43, 7, 17, 27, 37, 69, 79, 89, 56, 57, 58, 51, 52]
[14, 24, 34, 44, 54, 5, 6, 7, 8, 84, 85, 86, 40, 50, 60, 17, 27]
[35, 36, 37, 38, 39, 5, 6, 7, 8, 67, 68, 69, 30, 40, 50, 2, 12]
[85, 86, 87, 88, 89, 1, 11, 21, 31, 42, 43, 44, 24, 25, 26, 12, 22]
[5, 6, 7, 8, 9, 29, 39, 49, 59, 68, 78, 88, 61, 71, 81, 17, 18]
[30, 31, 32, 33, 34, 50, 60, 70, 80, 72, 82, 92, 11, 12, 13, 78, 79]
[72, 73, 74, 75, 76, 69, 79, 89, 99, 37, 47, 57, 25, 26, 27, 0, 1]
[44, 54, 64, 74, 84, 46, 56, 66, 76, 41, 42, 43, 61, 71, 81, 70, 80]
[2, 12, 22, 32, 42, 11, 21, 31, 41, 46, 47, 48, 36, 37, 38, 88, 89]
[33, 43, 53, 63, 73, 44, 45, 46, 47, 96, 97, 98, 2, 3, 4, 76, 86]
[94, 95, 96, 97, 98, 8, 18, 28, 38, 4, 14, 24, 68, 78, 88, 29, 39]
[42, 52, 62, 72, 82, 90, 91, 92, 93, 17, 18, 19, 69, 79, 89, 45, 55]
[35, 36, 37, 38, 39, 44, 54, 64, 74, 70, 71, 72, 53, 63, 73, 15, 25]
[30, 31, 32, 33, 34, 45, 55, 65, 75, 46, 56, 66, 77, 78, 79, 95, 96]
[19, 29, 39, 49, 59, 58, 68, 78, 88, 74, 84, 94, 36, 37, 38, 69, 79]
[45, 46, 47, 48, 49, 63, 73, 83, 93, 90, 91, 92, 24, 34, 44, 75, 85]
[46, 56, 66, 76, 86, 26, 27, 28, 29, 11, 21, 31, 71, 81, 91, 87, 88]
[84, 85, 86, 87, 88, 51, 52, 53, 54, 21, 31, 41, 40, 50, 60, 83, 93]
[31, 41, 51, 61, 71, 32, 33, 34, 35, 37, 47, 57, 56, 66, 76, 28, 38]
[51, 61, 71, 81, 91, 9, 19, 29, 39, 59, 69, 79, 45, 46, 47, 0, 1]
[45, 46, 47, 48, 49, 60, 70, 80, 90, 9, 19, 29, 52, 62, 72, 77, 87]
[70, 71, 72, 73, 74, 45, 55, 65, 75, 95, 96, 97, 26, 36, 46, 37, 38]
[10, 11, 12, 13, 14, 35, 45, 55, 65, 85, 86, 87, 69, 79, 89, 40, 50]
[36, 46, 56, 66, 76, 32, 42, 52, 62, 6, 16, 26, 72, 82, 92, 24, 25]
[21, 31, 41, 51, 61, 64, 74, 84, 94, 69, 79, 89, 57, 58, 59, 85, 86]
[0, 10, 20, 30, 40, 68, 78, 88, 98, 37, 38, 39, 3, 13, 23, 96, 97]
[22, 23, 24, 25, 26, 9, 19, 29, 39, 44, 45, 46, 38, 48, 58, 52, 53]
[32, 33, 34, 35, 36, 9, 19, 29, 39, 59, 69, 79, 63, 64, 65, 98, 99]
[43, 53, 63, 73, 83, 12, 13, 14, 15, 44, 45, 46, 37, 47, 57, 91, 92]
[5, 6, 7, 8, 9, 90, 91, 92, 93, 82, 83, 84, 55, 65, 75, 56, 57]
[44, 54, 64, 74, 84, 43, 53, 63, 73, 20, 30, 40, 51, 61, 71, 66, 67]
[17, 27, 37, 47, 57, 6, 7, 8, 9, 97, 98, 99, 71, 81, 91, 30, 31]
[43, 44, 45, 46, 47, 76, 77, 78, 79, 73, 83, 93, 25, 26, 27, 4, 14]
[13, 14, 15, 16, 17, 86, 87, 88, 89, 80, 81, 82, 42, 52, 62, 90, 91]
[50, 60, 70, 80, 90, 52, 62, 72, 82, 0, 10, 20, 74, 84, 94, 68, 78]
[42, 43, 44, 45, 46, 29, 39, 49, 59, 70, 80, 90, 13, 14, 15, 63, 73]
[22, 32, 42, 52, 62, 67, 77, 87, 97, 93, 94, 95, 55, 65, 75, 20, 30]
[1, 11, 21, 31, 41, 32, 42, 52, 62, 4, 5, 6, 86, 87, 88, 13, 23]
[73, 74, 75, 76, 77, 36, 37, 38, 39, 15, 16, 17, 46, 47, 48, 27, 28]
[20, 30, 40, 50, 60, 70, 71, 72, 73, 10, 11, 12, 66, 67, 68, 38, 48]
[23, 24, 25, 26, 27, 53, 63, 73, 83, 38, 48, 58, 50, 51, 52, 89, 99]
[25, 26, 27, 28, 29, 4, 14, 24, 34, 36, 37, 38, 74, 75, 76, 48, 58]
[52, 53, 54, 55, 56, 63, 64, 65, 66, 76, 86, 96, 71, 72, 73, 81, 91]
[6, 16, 26, 36, 46, 48, 58, 68, 78, 17, 18, 19, 14, 24, 34, 47, 57]
[22, 32, 42, 52, 62, 11, 12, 13, 14, 76, 86, 96, 20, 30, 40, 68, 78]
[22, 32, 42, 52, 62, 75, 76, 77, 78, 24, 34, 44, 13, 23, 33, 48, 58]
[0, 10, 20, 30, 40, 61, 62, 63, 64, 97, 98, 99, 15, 16, 17, 52, 53]
[72, 73, 74, 75, 76, 83, 84, 85, 86, 91, 92, 93, 30, 40, 50, 61, 62]
[2, 3, 4, 5, 6, 85, 86, 87, 88, 62, 63, 64, 28, 38, 48, 22, 32]
[31, 32, 33, 34, 35, 20, 30, 40, 50, 25, 26, 27, 21, 22, 23, 37, 47]
[35, 36, 37, 38, 39, 55, 65, 75, 85, 76, 86, 96, 44, 54, 64, 17, 27]
[21, 31, 41, 51, 61, 3, 4, 5, 6, 75, 76, 77, 91, 92, 93, 0, 1]
[50, 60, 70, 80, 90, 22, 23, 24, 25, 84, 85, 86, 52, 62, 72, 65, 66]
[3, 13, 23, 33, 43, 84, 85, 86, 87, 72, 82, 92, 71, 81, 91, 26, 36]
[34, 44, 54, 64, 74, 12, 22, 32, 42, 40, 50, 60, 55, 56, 57, 94, 95]
[50, 51, 52, 53, 54, 41, 42, 43, 44, 34, 35, 36, 70, 71, 72, 27, 28]
[37, 47, 57, 67, 77, 26, 36, 46, 56, 49, 59, 69, 10, 11, 12, 33, 43]
[36, 46, 56, 66, 76, 27, 37, 47, 57, 64, 74, 84, 68, 78, 88, 70, 71]
[12, 22, 32, 42, 52, 63, 73, 83, 93, 54, 55, 56, 2, 3, 4, 60, 61]
[21, 22, 23, 24, 25, 7, 17, 27, 37, 42, 43, 44, 55, 65, 75, 87, 97]
[48, 58, 68, 78, 88, 69, 79, 89, 99, 37, 38, 39, 23, 24, 25, 85, 95]
[10, 20, 30, 40, 50, 4, 5, 6, 7, 36, 37, 38, 43, 53, 63, 81, 91]
[83, 84, 85, 86, 87, 22, 23, 24, 25, 64, 65, 66, 41, 42, 43, 44, 54]
[36, 46, 56, 66, 76, 62, 63, 64, 65, 28, 38, 48, 51, 52, 53, 85, 95]
[4, 5, 6, 7, 8, 2, 12, 22, 32, 16, 26, 36, 81, 82, 83, 85, 86]
[40, 50, 60, 70, 80, 55, 65, 75, 85, 93, 94, 95, 15, 16, 17, 72, 73]
[2, 3, 4, 5, 6, 62, 72, 82, 92, 37, 38, 39, 61, 71, 81, 68, 69]
[42, 52, 62, 72, 82, 18, 28, 38, 48, 63, 64, 65, 40, 50, 60, 27, 37]
[51, 52, 53, 54, 55, 15, 16, 17, 18, 2, 3, 4, 33, 34, 35, 30, 40]
[56, 66, 76, 86, 96, 24, 34, 44, 54, 68, 78, 88, 97, 98, 99, 28, 29]
[15, 25, 35, 45, 55, 21, 31, 41, 51, 63, 64, 65, 24, 34, 44, 48, 58]
[42, 52, 62, 72, 82, 67, 77, 87, 97, 54, 64, 74, 57, 58, 59, 73, 83]
[5, 6, 7, 8, 9, 42, 43, 44, 45, 68, 78, 88, 70, 80, 90, 97, 98]
[50, 51, 52, 53, 54, 61, 62, 63, 64, 22, 32, 42, 25, 26, 27, 40, 41]
[29, 39, 49, 59, 69, 31, 32, 33, 34, 63, 64, 65, 76, 77, 78, 98, 99]
[29, 39, 49, 59, 69, 38, 48, 58, 68, 13, 14, 15, 56, 66, 76, 7, 8]
[48, 58, 68, 78, 88, 70, 71, 72, 73, 11, 12, 13, 42, 52, 62, 10, 20]
[30, 31, 32, 33, 34, 40, 41, 42, 43, 67, 68, 69, 37, 47, 57, 48, 58]
[43, 44, 45, 46, 47, 74, 75, 76, 77, 17, 27, 37, 91, 92, 93, 38, 48]
[53, 54, 55, 56, 57, 20, 21, 22, 23, 1, 2, 3, 97, 98, 99, 25, 35]
[43, 44, 45, 46, 47, 51, 61, 71, 81, 68, 78, 88, 50, 60, 70, 64, 74]
[59, 69, 79, 89, 99, 2, 3, 4, 5, 55, 65, 75, 30, 40, 50, 25, 26]
[82, 83, 84, 85, 86, 41, 51, 61, 71, 14, 15, 16, 54, 55, 56, 95, 96]
[22, 23, 24, 25, 26, 35, 45, 55, 65, 21, 31, 41, 57, 67, 77, 9, 19]
[58, 68, 78, 88, 98, 29, 39, 49, 59, 0, 10, 20, 44, 54, 64, 8, 18]
[52, 62, 72, 82, 92, 0, 10, 20, 30, 5, 6, 7, 22, 23, 24, 66, 76]
[3, 13, 23, 33, 43, 26, 36, 46, 56, 66, 76, 86, 67, 77, 87, 55, 65]
[3, 4, 5, 6, 7, 21, 22, 23, 24, 26, 36, 46, 54, 64, 74, 86, 87]
[72, 73, 74, 75, 76, 84, 85, 86, 87, 36, 46, 56, 81, 82, 83, 68, 69]
[35, 45, 55, 65, 75, 4, 14, 24, 34, 72, 73, 74, 82, 83, 84, 67, 68]
[15, 25, 35, 45, 55, 32, 42, 52, 62, 36, 46, 56, 57, 67, 77, 12, 13]
[60, 61, 62, 63, 64, 8, 18, 28, 38, 56, 57, 58, 75, 85, 95, 0, 1]
[0, 10, 20, 30, 40, 22, 32, 42, 52, 49, 59, 69, 12, 13, 14, 66, 67]
[61, 62, 63, 64, 65, 43, 44, 45, 46, 66, 67, 68, 78, 88, 98, 15, 25]
[22, 32, 42, 52, 62, 56, 66, 76, 86, 0, 10, 20, 96, 97, 98, 24, 25]
[83, 84, 85, 86, 87, 15, 25, 35, 45, 1, 2, 3, 21, 22, 23, 65, 66]
[16, 26, 36, 46, 56, 90, 91, 92, 93, 65, 66, 67, 41, 42, 43, 84, 85]
[95, 96, 97, 98, 99, 2, 12, 22, 32, 56, 66, 76, 34, 35, 36, 25, 26]
[45, 46, 47, 48, 49, 32, 42, 52, 62, 64, 74, 84, 15, 16, 17, 1, 11]
[11, 21, 31, 41, 51, 62, 72, 82, 92, 44, 54, 64, 61, 71, 81, 0, 1]
[44, 54, 64, 74, 84, 0, 1, 2, 3, 76, 77, 78, 95, 96, 97, 13, 23]
[36, 46, 56, 66, 76, 5, 6, 7, 8, 25, 35, 45, 27, 28, 29, 80, 81]
[39, 49, 59, 69, 79, 75, 76, 77, 78, 1, 2, 3, 4, 5, 6, 33, 34]
[91, 92, 93, 94, 95, 51, 61, 71, 81, 2, 12, 22, 76, 77, 78, 57, 67]
[27, 37, 47, 57, 67, 41, 51, 61, 71, 6, 7, 8, 85, 86, 87, 42, 52]
[28, 38, 48, 58, 68, 60, 70, 80, 90, 77, 78, 79, 33, 43, 53, 30, 40]
[51, 61, 71, 81, 91, 74, 75, 76, 77, 62, 72, 82, 35, 36, 37, 25, 26]
[19, 29, 39, 49, 59, 85, 86, 87, 88, 55, 65, 75, 13, 23, 33, 43, 53]
[72, 73, 74, 75, 76, 25, 35, 45, 55, 2, 12, 22, 13, 14, 15, 56, 66]
[32, 33, 34, 35, 36, 93, 94, 95, 96, 57, 58, 59, 11, 21, 31, 16, 17]
[10, 11, 12, 13, 14, 22, 23, 24, 25, 32, 33, 34, 73, 74, 75, 49, 59]
[40, 50, 60, 70, 80, 12, 13, 14, 15, 87, 88, 89, 3, 4, 5, 26, 27]
[80, 81, 82, 83, 84, 40, 41, 42, 43, 67, 77, 87, 12, 13, 14, 79, 89]
[53, 54, 55, 56, 57, 51, 61, 71, 81, 19, 29, 39, 22, 32, 42, 37, 47]
[33, 43, 53, 63, 73, 34, 35, 36, 37, 55, 56, 57, 10, 20, 30, 74, 84]
[0, 10, 20, 30, 40, 52, 62, 72, 82, 85, 86, 87, 92, 93, 94, 83, 84]
[52, 62, 72, 82, 92, 66, 76, 86, 96, 30, 40, 50, 51, 61, 71, 14, 24]
[60, 61, 62, 63, 64, 40, 41, 42, 43, 35, 45, 55, 24, 34, 44, 6, 16]
[20, 21, 22, 23, 24, 5, 15, 25, 35, 95, 96, 97, 32, 33, 34, 11, 12]
[84, 85, 86, 87, 88, 32, 42, 52, 62, 73, 83, 93, 37, 38, 39, 40, 50]
[5, 6, 7, 8, 9, 18, 28, 38, 48, 15, 25, 35, 20, 21, 22, 31, 32]
[80, 81, 82, 83, 84, 67, 77, 87, 97, 56, 66, 76, 48, 58, 68, 85, 95]
[39, 49, 59, 69, 79, 10, 11, 12, 13, 62, 63, 64, 27, 28, 29, 40, 50]
[35, 45, 55, 65, 75, 6, 16, 26, 36, 23, 33, 43, 72, 82, 92, 51, 52]
[75, 76, 77, 78, 79, 24, 25, 26, 27, 20, 21, 22, 32, 33, 34, 72, 82]
[50, 51, 52, 53, 54, 12, 22, 32, 42, 65, 66, 67, 15, 25, 35, 85, 86]
[0, 10, 20, 30, 40, 85, 86, 87, 88, 34, 44, 54, 31, 32, 33, 29, 39]
[32, 42, 52, 62, 72, 84, 85, 86, 87, 53, 54, 55, 23, 24, 25, 33, 43]
[4, 14, 24, 34, 44, 72, 73, 74, 75, 37, 47, 57, 61, 71, 81, 46, 56]
[41, 51, 61, 71, 81, 35, 36, 37, 38, 49, 59, 69, 32, 33, 34, 7, 17]
[48, 58, 68, 78, 88, 24, 34, 44, 54, 73, 83, 93, 94, 95, 96, 53, 63]
[15, 25, 35, 45, 55, 72, 73, 74, 75, 42, 52, 62, 11, 21, 31, 68, 78]
[51, 61, 71, 81, 91, 16, 26, 36, 46, 95, 96, 97, 74, 84, 94, 63, 73]
[52, 53, 54, 55, 56, 21, 31, 41, 51, 7, 8, 9, 75, 85, 95, 86, 96]
[43, 53, 63, 73, 83, 64, 74, 84, 94, 54, 55, 56, 44, 45, 46, 41, 42]
[24, 34, 44, 54, 64, 85, 86, 87, 88, 46, 47, 48, 96, 97, 98, 17, 18]
[65, 66, 67, 68, 69, 2, 3, 4, 5, 20, 21, 22, 42, 52, 62, 28, 38]
[52, 62, 72, 82, 92, 6, 16, 26, 36, 77, 78, 79, 4, 14, 24, 44, 45]
[48, 58, 68, 78, 88, 54, 55, 56, 57, 94, 95, 96, 71, 72, 73, 22, 23]
[83, 84, 85, 86, 87, 3, 4, 5, 6, 34, 44, 54, 10, 20, 30, 88, 89]
[26, 36, 46, 56, 66, 32, 33, 34, 35, 73, 74, 75, 30, 40, 50, 41, 51]
[42, 52, 62, 72, 82, 5, 15, 25, 35, 29, 39, 49, 30, 40, 50, 78, 88]
[14, 15, 16, 17, 18, 45, 55, 65, 75, 69, 79, 89, 72, 73, 74, 12, 13]
[32, 33, 34, 35, 36, 9, 19, 29, 39, 49, 59, 69, 23, 24, 25, 63, 73]
[43, 53, 63, 73, 83, 37, 47, 57, 67, 50, 60, 70, 66, 76, 86, 44, 54]
[2, 3, 4, 5, 6, 14, 15, 16, 17, 8, 18, 28, 43, 44, 45, 12, 22]
[0, 1, 2, 3, 4, 22, 23, 24, 25, 27, 28, 29, 47, 48, 49, 20, 21]
[18, 28, 38, 48, 58, 1, 11, 21, 31, 25, 35, 45, 40, 50, 60, 70, 71]
[58, 68, 78, 88, 98, 21, 31, 41, 51, 22, 32, 42, 14, 15, 16, 40, 50]
[36, 46, 56, 66, 76, 7, 17, 27, 37, 83, 84, 85, 52, 53, 54, 31, 41]
[22, 23, 24, 25, 26, 37, 47, 57, 67, 40, 50, 60, 8, 18, 28, 93, 94]
[48, 58, 68, 78, 88, 54, 64, 74, 84, 12, 22, 32, 7, 8, 9, 55, 65]
[20, 21, 22, 23, 24, 34, 35, 36, 37, 54, 64, 74, 11, 12, 13, 43, 44]
[85, 86, 87, 88, 89, 45, 46, 47, 48, 7, 8, 9, 19, 29, 39, 26, 36]
[33, 34, 35, 36, 37, 0, 10, 20, 30, 9, 19, 29, 56, 57, 58, 65, 75]
[2, 3, 4, 5, 6, 55, 56, 57, 58, 34, 44, 54, 80, 81, 82, 92, 93]
[60, 61, 62, 63, 64, 5, 6, 7, 8, 23, 33, 43, 26, 27, 28, 98, 99]
[34, 35, 36, 37, 38, 63, 73, 83, 93, 19, 29, 39, 55, 65, 75, 82, 92]
[61, 62, 63, 64, 65, 7, 17, 27, 37, 74, 84, 94, 57, 67, 77, 98, 99]
[24, 25, 26, 27, 28, 35, 36, 37, 38, 94, 95, 96, 21, 22, 23, 40, 41]
[63, 64, 65, 66, 67, 31, 32, 33, 34, 77, 87, 97, 82, 83, 84, 40, 41]
[53, 63, 73, 83, 93, 7, 17, 27, 37, 10, 20, 30, 1, 11, 21, 86, 96]
[43, 44, 45, 46, 47, 54, 55, 56, 57, 21, 31, 41, 5, 6, 7, 19, 29]
[55, 56, 57, 58, 59, 10, 11, 12, 13, 41, 42, 43, 5, 15, 25, 50, 51]
[4, 14, 24, 34, 44, 83, 84, 85, 86, 52, 62, 72, 20, 30, 40, 67, 77]
[51, 52, 53, 54, 55, 56, 57, 58, 59, 70, 71, 72, 79, 89, 99, 84, 94]
[38, 48, 58, 68, 78, 1, 11, 21, 31, 51, 61, 71, 44, 54, 64, 32, 42]
[32, 42, 52, 62, 72, 11, 21, 31, 41, 75, 76, 77, 25, 35, 45, 59, 69]
[5, 15, 25, 35, 45, 16, 26, 36, 46, 71, 72, 73, 6, 7, 8, 48, 58]
[25, 35, 45, 55, 65, 0, 1, 2, 3, 59, 69, 79, 46, 47, 48, 12, 13]
[36, 46, 56, 66, 76, 80, 81, 82, 83, 32, 42, 52, 3, 13, 23, 68, 78]
[15, 25, 35, 45, 55, 52, 62, 72, 82, 11, 21, 31, 46, 47, 48, 16, 17]
[14, 15, 16, 17, 18, 81, 82, 83, 84, 19, 29, 39, 6, 7, 8, 73, 74]
[91, 92, 93, 94, 95, 6, 16, 26, 36, 42, 43, 44, 52, 53, 54, 48, 49]
[49, 59, 69, 79, 89, 60, 61, 62, 63, 53, 54, 55, 11, 12, 13, 73, 74]
[13, 23, 33, 43, 53, 47, 57, 67, 77, 86, 87, 88, 0, 10, 20, 59, 69]
[25, 35, 45, 55, 65, 21, 31, 41, 51, 22, 23, 24, 80, 81, 82, 53, 63]
[30, 31, 32, 33, 34, 24, 25, 26, 27, 41, 42, 43, 82, 83, 84, 21, 22]
[34, 44, 54, 64, 74, 61, 71, 81, 91, 32, 42, 52, 7, 8, 9, 57, 67]
[74, 75, 76, 77, 78, 18, 28, 38, 48, 54, 55, 56, 63, 73, 83, 0, 1]
[48, 58, 68, 78, 88, 26, 36, 46, 56, 62, 63, 64, 3, 4, 5, 7, 8]
[3, 13, 23, 33, 43, 15, 16, 17, 18, 67, 68, 69, 61, 71, 81, 21, 22]
[21, 31, 41, 51, 61, 36, 46, 56, 66, 18, 28, 38, 76, 77, 78, 7, 17]
[91, 92, 93, 94, 95, 43, 44, 45, 46, 41, 51, 61, 96, 97, 98, 11, 21]
[11, 21, 31, 41, 51, 26, 36, 46, 56, 2, 3, 4, 15, 25, 35, 78, 79]
[60, 61, 62, 63, 64, 23, 24, 25, 26, 87, 88, 89, 14, 15, 16, 17, 18]
[44, 54, 64, 74, 84, 66, 67, 68, 69, 7, 8, 9, 77, 78, 79, 22, 23]
[5, 15, 25, 35, 45, 68, 78, 88, 98, 24, 34, 44, 76, 86, 96, 94, 95]
[53, 63, 73, 83, 93, 15, 25, 35, 45, 50, 60, 70, 37, 47, 57, 48, 49]
[30, 40, 50, 60, 70, 94, 95, 96, 97, 46, 47, 48, 1, 11, 21, 76, 77]
[20, 21, 22, 23, 24, 64, 74, 84, 94, 60, 70, 80, 19, 29, 39, 71, 81]
[21, 31, 41, 51, 61, 68, 78, 88, 98, 92, 93, 94, 37, 38, 39, 1, 2]
[61, 62, 63, 64, 65, 23, 33, 43, 53, 71, 81, 91, 6, 7, 8, 88, 89]
[42, 52, 62, 72, 82, 27, 37, 47, 57, 0, 10, 20, 43, 44, 45, 73, 83]
[55, 65, 75, 85, 95, 40, 41, 42, 43, 59, 69, 79, 80, 81, 82, 12, 13]
[62, 63, 64, 65, 66, 34, 35, 36, 37, 78, 88, 98, 1, 11, 21, 52, 53]
[11, 21, 31, 41, 51, 58, 68, 78, 88, 42, 52, 62, 40, 50, 60, 13, 14]
[21, 22, 23, 24, 25, 63, 73, 83, 93, 96, 97, 98, 70, 71, 72, 43, 44]
[53, 54, 55, 56, 57, 6, 16, 26, 36, 59, 69, 79, 27, 28, 29, 73, 74]
[24, 25, 26, 27, 28, 32, 33, 34, 35, 96, 97, 98, 4, 5, 6, 21, 31]
[90, 91, 92, 93, 94, 71, 72, 73, 74, 57, 67, 77, 1, 2, 3, 50, 51]
[21, 22, 23, 24, 25, 0, 1, 2, 3, 18, 28, 38, 35, 36, 37, 90, 91]
[59, 69, 79, 89, 99, 36, 37, 38, 39, 55, 65, 75, 40, 41, 42, 26, 27]
[25, 26, 27, 28, 29, 1, 11, 21, 31, 69, 79, 89, 94, 95, 96, 57, 58]
[3, 4, 5, 6, 7, 51, 52, 53, 54, 22, 32, 42, 85, 86, 87, 55, 65]
[4, 14, 24, 34, 44, 18, 28, 38, 48, 19, 29, 39, 78, 88, 98, 72, 82]
[93, 94, 95, 96, 97, 69, 79, 89, 99, 27, 28, 29, 2, 12, 22, 75, 76]
[58, 68, 78, 88, 98, 45, 55, 65, 75, 21, 31, 41, 13, 23, 33, 1, 2]
[6, 16, 26, 36, 46, 67, 77, 87, 97, 1, 11, 21, 64, 74, 84, 60, 70]
[30, 40, 50, 60, 70, 23, 24, 25, 26, 43, 53, 63, 86, 87, 88, 1, 2]
[34, 35, 36, 37, 38, 25, 26, 27, 28, 75, 85, 95, 97, 98, 99, 14, 15]
[95, 96, 97, 98, 99, 39, 49, 59, 69, 40, 50, 60, 27, 28, 29, 57, 58]
[81, 82, 83, 84, 85, 22, 32, 42, 52, 75, 76, 77, 23, 24, 25, 64, 74]
[16, 26, 36, 46, 56, 29, 39, 49, 59, 14, 24, 34, 37, 47, 57, 94, 95]
[18, 28, 38, 48, 58, 80, 81, 82, 83, 68, 78, 88, 91, 92, 93, 57, 67]
[10, 20, 30, 40, 50, 28, 38, 48, 58, 17, 18, 19, 22, 23, 24, 74, 84]
[56, 66, 76, 86, 96, 54, 64, 74, 84, 30, 40, 50, 3, 4, 5, 26, 36]
[52, 62, 72, 82, 92, 35, 36, 37, 38, 69, 79, 89, 42, 43, 44, 70, 80]
[51, 52, 53, 54, 55, 47, 57, 67, 77, 64, 65, 66, 61, 62, 63, 19, 29]
[41, 51, 61, 71, 81, 38, 48, 58, 68, 78, 88, 98, 3, 13, 23, 54, 64]
[5, 15, 25, 35, 45, 69, 79, 89, 99, 42, 52, 62, 26, 27, 28, 31, 41]
[95, 96, 97, 98, 99, 10, 11, 12, 13, 67, 68, 69, 41, 42, 43, 15, 25]
[4, 14, 24, 34, 44, 65, 75, 85, 95, 42, 52, 62, 55, 56, 57, 40, 50]
[1, 11, 21, 31, 41, 28, 38, 48, 58, 4, 5, 6, 83, 84, 85, 78, 79]
[47, 57, 67, 77, 87, 66, 76, 86, 96, 4, 5, 6, 54, 64, 74, 32, 42]
[19, 29, 39, 49, 59, 86, 87, 88, 89, 64, 74, 84, 31, 41, 51, 46, 56]
[58, 68, 78, 88, 98, 53, 54, 55, 56, 76, 86, 96, 8, 18, 28, 87, 97]
[55, 56, 57, 58, 59, 41, 42, 43, 44, 16, 17, 18, 14, 24, 34, 36, 37]
[28, 38, 48, 58, 68, 11, 12, 13, 14, 77, 87, 97, 22, 23, 24, 85, 86]
[54, 64, 74, 84, 94, 26, 27, 28, 29, 59, 69, 79, 10, 20, 30, 61, 62]
[23, 24, 25, 26, 27, 30, 31, 32, 33, 0, 10, 20, 42, 43, 44, 86, 87]
[53, 63, 73, 83, 93, 57, 67, 77, 87, 34, 35, 36, 95, 96, 97, 7, 17]
[93, 94, 95, 96, 97, 54, 64, 74, 84, 49, 59, 69, 40, 41, 42, 50, 51]
[75, 76, 77, 78, 79, 91, 92, 93, 94, 1, 2, 3, 97, 98, 99, 28, 29]
[32, 33, 34, 35, 36, 50, 51, 52, 53, 37, 47, 57, 83, 84, 85, 58, 68]
[81, 82, 83, 84, 85, 34, 35, 36, 37, 87, 88, 89, 2, 12, 22, 80, 90]
[10, 11, 12, 13, 14, 46, 56, 66, 76, 15, 25, 35, 61, 71, 81, 41, 42]
[47, 57, 67, 77, 87, 34, 35, 36, 37, 70, 71, 72, 12, 13, 14, 41, 51]
[0, 1, 2, 3, 4, 94, 95, 96, 97, 46, 47, 48, 30, 40, 50, 27, 37]
[0, 1, 2, 3, 4, 13, 14, 15, 16, 20, 30, 40, 83, 84, 85, 68, 69]
[2, 12, 22, 32, 42, 9, 19, 29, 39, 67, 68, 69, 23, 33, 43, 83, 93]
[22, 32, 42, 52, 62, 0, 10, 20, 30, 55, 65, 75, 7, 8, 9, 66, 76]
[54, 64, 74, 84, 94, 10, 20, 30, 40, 24, 34, 44, 75, 76, 77, 66, 67]
[45, 46, 47, 48, 49, 1, 2, 3, 4, 30, 40, 50, 59, 69, 79, 25, 35]
[81, 82, 83, 84, 85, 9, 19, 29, 39, 30, 40, 50, 56, 66, 76, 51, 61]
[54, 64, 74, 84, 94, 67, 77, 87, 97, 66, 76, 86, 31, 41, 51, 80, 90]
[72, 73, 74, 75, 76, 30, 31, 32, 33, 26, 36, 46, 14, 15, 16, 41, 42]
[47, 57, 67, 77, 87, 14, 15, 16, 17, 2, 3, 4, 41, 42, 43, 34, 35]
[15, 25, 35, 45, 55, 70, 71, 72, 73, 29, 39, 49, 59, 69, 79, 81, 91]
[36, 46, 56, 66, 76, 61, 71, 81, 91, 10, 11, 12, 41, 42, 43, 23, 24]
[45, 46, 47, 48, 49, 21, 22, 23, 24, 5, 15, 25, 27, 28, 29, 10, 20]
[48, 58, 68, 78, 88, 6, 7, 8, 9, 60, 61, 62, 40, 41, 42, 3, 4]
[24, 34, 44, 54, 64, 3, 13, 23, 33, 9, 19, 29, 46, 56, 66, 4, 5]
[70, 71, 72, 73, 74, 20, 21, 22, 23, 5, 15, 25, 41, 51, 61, 54, 55]
[29, 39, 49, 59, 69, 44, 45, 46, 47, 14, 15, 16, 55, 65, 75, 78, 79]
[14, 15, 16, 17, 18, 23, 24, 25, 26, 37, 38, 39, 5, 6, 7, 72, 73]
[17, 27, 37, 47, 57, 92, 93, 94, 95, 78, 88, 98, 51, 52, 53, 20, 30]
[47, 57, 67, 77, 87, 61, 71, 81, 91, 56, 66, 76, 55, 65, 75, 12, 13]
[65, 66, 67, 68, 69, 10, 11, 12, 13, 32, 42, 52, 27, 28, 29, 2, 3]
[42, 43, 44, 45, 46, 67, 77, 87, 97, 3, 13, 23, 62, 72, 82, 7, 8]
[50, 51, 52, 53, 54, 62, 63, 64, 65, 70, 80, 90, 15, 16, 17, 66, 67]
[6, 16, 26, 36, 46, 67, 77, 87, 97, 2, 3, 4, 23, 24, 25, 12, 13]
[18, 28, 38, 48, 58, 61, 71, 81, 91, 2, 3, 4, 97, 98, 99, 75, 85]
[90, 91, 92, 93, 94, 73, 74, 75, 76, 30, 40, 50, 87, 88, 89, 85, 95]
[81, 82, 83, 84, 85, 23, 33, 43, 53, 70, 80, 90, 30, 40, 50, 16, 26]
[32, 42, 52, 62, 72, 76, 77, 78, 79, 65, 66, 67, 53, 63, 73, 7, 17]
[63, 64, 65, 66, 67, 41, 42, 43, 44, 76, 77, 78, 95, 96, 97, 75, 85]
[34, 44, 54, 64, 74, 33, 43, 53, 63, 15, 25, 35, 40, 50, 60, 84, 94]
[95, 96, 97, 98, 99, 66, 67, 68, 69, 5, 15, 25, 53, 54, 55, 76, 77]
[6, 16, 26, 36, 46, 82, 83, 84, 85, 10, 20, 30, 4, 14, 24, 31, 41]
[42, 43, 44, 45, 46, 30, 40, 50, 60, 7, 8, 9, 16, 17, 18, 82, 83]
[24, 34, 44, 54, 64, 22, 32, 42, 52, 36, 37, 38, 81, 82, 83, 35, 45]
[58, 68, 78, 88, 98, 66, 76, 86, 96, 21, 22, 23, 30, 31, 32, 0, 10]
[20, 30, 40, 50, 60, 46, 47, 48, 49, 84, 85, 86, 69, 79, 89, 97, 98]
[20, 21, 22, 23, 24, 90, 91, 92, 93, 44, 45, 46, 57, 58, 59, 6, 16]
[6, 16, 26, 36, 46, 39, 49, 59, 69, 33, 34, 35, 53, 63, 73, 2, 3]
[0, 10, 20, 30, 40, 58, 68, 78, 88, 49, 59, 69, 82, 83, 84, 16, 26]
[83, 84, 85, 86, 87, 29, 39, 49, 59, 50, 60, 70, 15, 16, 17, 3, 13]
[43, 44, 45, 46, 47, 5, 6, 7, 8, 97, 98, 99, 73, 74, 75, 22, 32]
[24, 25, 26, 27, 28, 75, 76, 77, 78, 87, 88, 89, 2, 12, 22, 45, 55]
[10, 11, 12, 13, 14, 30, 40, 50, 60, 83, 84, 85, 47, 57, 67, 77, 87]
[90, 91, 92, 93, 94, 81, 82, 83, 84, 52, 62, 72, 4, 5, 6, 75, 85]
[22, 32, 42, 52, 62, 34, 44, 54, 64, 4, 5, 6, 31, 41, 51, 19, 29]
[39, 49, 59, 69, 79, 22, 32, 42, 52, 7, 17, 27, 57, 67, 77, 98, 99]
[22, 32, 42, 52, 62, 1, 11, 21, 31, 3, 13, 23, 73, 74, 75, 34, 44]
[65, 66, 67, 68, 69, 27, 37, 47, 57, 11, 21, 31, 15, 16, 17, 60, 61]
[73, 74, 75, 76, 77, 27, 37, 47, 57, 67, 68, 69, 10, 11, 12, 8, 9]
[92, 93, 94, 95, 96, 30, 40, 50, 60, 22, 32, 42, 0, 1, 2, 52, 53]
[55, 65, 75, 85, 95, 21, 31, 41, 51, 14, 24, 34, 66, 76, 86, 72, 82]
[47, 57, 67, 77, 87, 9, 19, 29, 39, 83, 84, 85, 40, 50, 60, 45, 55]
[25, 26, 27, 28, 29, 12, 13, 14, 15, 36, 37, 38, 72, 73, 74, 8, 18]
[29, 39, 49, 59, 69, 10, 20, 30, 40, 56, 66, 76, 85, 86, 87, 55, 65]
[24, 34, 44, 54, 64, 81, 82, 83, 84, 32, 42, 52, 40, 50, 60, 16, 17]
[45, 55, 65, 75, 85, 13, 14, 15, 16, 11, 21, 31, 20, 30, 40, 76, 86]
[71, 72, 73, 74, 75, 7, 17, 27, 37, 31, 32, 33, 67, 68, 69, 51, 61]
[23, 33, 43, 53, 63, 45, 55, 65, 75, 36, 37, 38, 50, 51, 52, 21, 22]
[33, 43, 53, 63, 73, 55, 56, 57, 58, 14, 15, 16, 54, 64, 74, 76, 77]
[4, 5, 6, 7, 8, 31, 32, 33, 34, 22, 23, 24, 80, 81, 82, 51, 52]
[45, 46, 47, 48, 49, 50, 51, 52, 53, 62, 63, 64, 12, 13, 14, 69, 79]
[20, 21, 22, 23, 24, 39, 49, 59, 69, 72, 82, 92, 40, 50, 60, 77, 78]
[5, 6, 7, 8, 9, 33, 34, 35, 36, 84, 85, 86, 41, 51, 61, 78, 88]
[23, 24, 25, 26, 27, 38, 48, 58, 68, 16, 17, 18, 57, 67, 77, 96, 97]
[40, 50, 60, 70, 80, 16, 17, 18, 19, 2, 3, 4, 51, 61, 71, 56, 57]
[4, 5, 6, 7, 8, 10, 11, 12, 13, 58, 68, 78, 79, 89, 99, 42, 52]
[8, 18, 28, 38, 48, 83, 84, 85, 86, 71, 72, 73, 19, 29, 39, 30, 40]
[54, 55, 56, 57, 58, 2, 3, 4, 5, 60, 61, 62, 76, 86, 96, 0, 1]
[82, 83, 84, 85, 86, 50, 60, 70, 80, 77, 87, 97, 17, 27, 37, 51, 61]
[71, 72, 73, 74, 75, 12, 13, 14, 15, 95, 96, 97, 40, 50, 60, 7, 8]
[7, 17, 27, 37, 47, 22, 32, 42, 52, 71, 81, 91, 1, 11, 21, 31, 41]
[55, 65, 75, 85, 95, 42, 52, 62, 72, 4, 14, 24, 63, 73, 83, 87, 97]
[51, 61, 71, 81, 91, 42, 43, 44, 45, 32, 33, 34, 57, 67, 77, 37, 38]
[17, 27, 37, 47, 57, 31, 41, 51, 61, 0, 10, 20, 55, 65, 75, 50, 60]
[32, 42, 52, 62, 72, 68, 78, 88, 98, 25, 35, 45, 80, 81, 82, 12, 13]
[3, 13, 23, 33, 43, 55, 65, 75, 85, 66, 76, 86, 57, 67, 77, 79, 89]
[20, 21, 22, 23, 24, 15, 16, 17, 18, 11, 12, 13, 49, 59, 69, 80, 81]
[9, 19, 29, 39, 49, 14, 24, 34, 44, 1, 11, 21, 72, 73, 74, 46, 56]
[36, 46, 56, 66, 76, 70, 71, 72, 73, 24, 34, 44, 80, 81, 82, 32, 33]
[63, 64, 65, 66, 67, 16, 17, 18, 19, 26, 27, 28, 32, 42, 52, 89, 99]
[94, 95, 96, 97, 98, 40, 41, 42, 43, 17, 27, 37, 0, 10, 20, 48, 58]
[51, 61, 71, 81, 91, 19, 29, 39, 49, 1, 11, 21, 2, 3, 4, 53, 63]
[91, 92, 93, 94, 95, 24, 25, 26, 27, 30, 31, 32, 14, 15, 16, 3, 13]
[34, 44, 54, 64, 74, 35, 45, 55, 65, 85, 86, 87, 92, 93, 94, 47, 48]
[35, 45, 55, 65, 75, 24, 34, 44, 54, 56, 66, 76, 7, 8, 9, 48, 58]
[52, 53, 54, 55, 56, 19, 29, 39, 49, 13, 14, 15, 75, 85, 95, 66, 76]
[11, 21, 31, 41, 51, 42, 43, 44, 45, 76, 77, 78, 70, 71, 72, 63, 64]
[85, 86, 87, 88, 89, 72, 73, 74, 75, 47, 48, 49, 26, 36, 46, 71, 81]
[59, 69, 79, 89, 99, 22, 23, 24, 25, 30, 31, 32, 34, 35, 36, 64, 74]
[19, 29, 39, 49, 59, 8, 18, 28, 38, 75, 76, 77, 23, 33, 43, 48, 58]
[93, 94, 95, 96, 97, 0, 10, 20, 30, 54, 64, 74, 51, 61, 71, 13, 23]
[42, 52, 62, 72, 82, 55, 56, 57, 58, 14, 15, 16, 40, 50, 60, 24, 25]
[17, 27, 37, 47, 57, 5, 15, 25, 35, 58, 68, 78, 73, 74, 75, 31, 41]
[64, 65, 66, 67, 68, 0, 10, 20, 30, 33, 34, 35, 38, 48, 58, 43, 44]
[16, 26, 36, 46, 56, 11, 12, 13, 14, 51, 61, 71, 60, 70, 80, 93, 94]
[11, 12, 13, 14, 15, 53, 54, 55, 56, 18, 28, 38, 35, 36, 37, 57, 58]
[46, 56, 66, 76, 86, 54, 64, 74, 84, 1, 11, 21, 24, 34, 44, 30, 40]
[19, 29, 39, 49, 59, 2, 3, 4, 5, 15, 16, 17, 56, 57, 58, 65, 66]
[32, 33, 34, 35, 36, 92, 93, 94, 95, 20, 21, 22, 57, 58, 59, 70, 80]
[1, 11, 21, 31, 41, 76, 77, 78, 79, 14, 15, 16, 45, 55, 65, 53, 63]
[13, 23, 33, 43, 53, 46, 56, 66, 76, 1, 2, 3, 27, 28, 29, 71, 81]
[33, 34, 35, 36, 37, 42, 43, 44, 45, 7, 8, 9, 71, 81, 91, 54, 55]
[0, 1, 2, 3, 4, 5, 15, 25, 35, 19, 29, 39, 66, 67, 68, 56, 57]
[0, 10, 20, 30, 40, 70, 71, 72, 73, 74, 75, 76, 14, 24, 34, 25, 35]
[71, 72, 73, 74, 75, 17, 27, 37, 47, 81, 82, 83, 97, 98, 99, 10, 20]
[12, 13, 14, 15, 16, 81, 82, 83, 84, 65, 75, 85, 60, 61, 62, 8, 9]
[45, 55, 65, 75, 85, 15, 16, 17, 18, 77, 87, 97, 12, 22, 32, 43, 53]
[27, 37, 47, 57, 67, 20, 21, 22, 23, 63, 73, 83, 17, 18, 19, 88, 89]
[64, 65, 66, 67, 68, 20, 30, 40, 50, 24, 34, 44, 15, 16, 17, 37, 47]
[38, 48, 58, 68, 78, 5, 6, 7, 8, 19, 29, 39, 10, 11, 12, 14, 15]
[37, 47, 57, 67, 77, 11, 12, 13, 14, 76, 86, 96, 44, 45, 46, 65, 66]
[34, 35, 36, 37, 38, 19, 29, 39, 49, 13, 14, 15, 79, 89, 99, 32, 42]
[37, 47, 57, 67, 77, 58, 68, 78, 88, 53, 54, 55, 31, 41, 51, 95, 96]
[65, 66, 67, 68, 69, 76, 77, 78, 79, 31, 41, 51, 4, 5, 6, 32, 33]
[0, 1, 2, 3, 4, 44, 54, 64, 74, 70, 80, 90, 57, 67, 77, 85, 86]
[90, 91, 92, 93, 94, 30, 31, 32, 33, 53, 63, 73, 25, 35, 45, 88, 89]
[13, 14, 15, 16, 17, 91, 92, 93, 94, 44, 45, 46, 52, 62, 72, 38, 48]
[91, 92, 93, 94, 95, 52, 62, 72, 82, 46, 56, 66, 4, 14, 24, 40, 41]
[12, 13, 14, 15, 16, 73, 74, 75, 76, 3, 4, 5, 51, 52, 53, 87, 88]
[4, 5, 6, 7, 8, 40, 41, 42, 43, 57, 58, 59, 2, 12, 22, 66, 67]
[8, 18, 28, 38, 48, 52, 53, 54, 55, 39, 49, 59, 31, 32, 33, 78, 79]
[44, 45, 46, 47, 48, 63, 73, 83, 93, 52, 62, 72, 51, 61, 71, 2, 12]
[40, 41, 42, 43, 44, 25, 35, 45, 55, 51, 61, 71, 9, 19, 29, 79, 89]
[52, 62, 72, 82, 92, 30, 40, 50, 60, 38, 48, 58, 21, 22, 23, 68, 69]
[15, 16, 17, 18, 19, 66, 67, 68, 69, 52, 62, 72, 34, 35, 36, 37, 38]
[61, 62, 63, 64, 65, 50, 60, 70, 80, 0, 1, 2, 92, 93, 94, 87, 97]
[30, 40, 50, 60, 70, 76, 77, 78, 79, 46, 47, 48, 16, 26, 36, 87, 97]
[48, 58, 68, 78, 88, 91, 92, 93, 94, 25, 35, 45, 69, 79, 89, 6, 7]
[13, 23, 33, 43, 53, 62, 72, 82, 92, 24, 25, 26, 79, 89, 99, 45, 55]
[19, 29, 39, 49, 59, 31, 41, 51, 61, 15, 25, 35, 67, 77, 87, 75, 85]
[37, 47, 57, 67, 77, 59, 69, 79, 89, 42, 52, 62, 63, 64, 65, 13, 23]
[14, 15, 16, 17, 18, 64, 65, 66, 67, 20, 21, 22, 25, 26, 27, 82, 92]
[30, 31, 32, 33, 34, 51, 52, 53, 54, 75, 76, 77, 2, 3, 4, 60, 61]
[0, 10, 20, 30, 40, 73, 74, 75, 76, 25, 26, 27, 42, 43, 44, 51, 61]
[18, 28, 38, 48, 58, 47, 57, 67, 77, 35, 45, 55, 20, 30, 40, 69, 79]
[72, 73, 74, 75, 76, 14, 24, 34, 44, 49, 59, 69, 51, 52, 53, 40, 41]
[56, 66, 76, 86, 96, 69, 79, 89, 99, 15, 25, 35, 3, 13, 23, 50, 51]
[21, 31, 41, 51, 61, 67, 77, 87, 97, 14, 24, 34, 52, 62, 72, 35, 36]
[40, 41, 42, 43, 44, 58, 68, 78, 88, 13, 23, 33, 24, 25, 26, 12, 22]
[10, 11, 12, 13, 14, 3, 4, 5, 6, 85, 86, 87, 96, 97, 98, 48, 58]
[43, 53, 63, 73, 83, 40, 50, 60, 70, 26, 27, 28, 57, 67, 77, 12, 13]
[9, 19, 29, 39, 49, 91, 92, 93, 94, 52, 62, 72, 11, 12, 13, 0, 1]
[74, 75, 76, 77, 78, 17, 27, 37, 47, 66, 67, 68, 54, 55, 56, 81, 82]
[90, 91, 92, 93, 94, 35, 36, 37, 38, 31, 32, 33, 59, 69, 79, 67, 68]
[13, 23, 33, 43, 53, 69, 79, 89, 99, 71, 81, 91, 44, 54, 64, 27, 28]
[22, 23, 24, 25, 26, 40, 50, 60, 70, 67, 68, 69, 0, 10, 20, 92, 93]
[57, 67, 77, 87, 97, 92, 93, 94, 95, 11, 12, 13, 44, 45, 46, 16, 17]
[45, 46, 47, 48, 49, 86, 87, 88, 89, 61, 71, 81, 64, 74, 84, 40, 50]
[55, 65, 75, 85, 95, 28, 38, 48, 58, 13, 14, 15, 0, 10, 20, 36, 46]
[5, 6, 7, 8, 9, 26, 36, 46, 56, 77, 78, 79, 65, 66, 67, 34, 35]
[73, 74, 75, 76, 77, 63, 64, 65, 66, 31, 32, 33, 14, 24, 34, 69, 79]
[60, 61, 62, 63, 64, 2, 3, 4, 5, 35, 36, 37, 39, 49, 59, 57, 67]
[93, 94, 95, 96, 97, 69, 79, 89, 99, 45, 46, 47, 67, 77, 87, 21, 22]
[12, 13, 14, 15, 16, 52, 62, 72, 82, 77, 78, 79, 45, 55, 65, 80, 81]
[34, 44, 54, 64, 74, 16, 17, 18, 19, 26, 36, 46, 2, 12, 22, 67, 77]
[3, 4, 5, 6, 7, 53, 63, 73, 83, 55, 56, 57, 54, 64, 74, 13, 23]
[92, 93, 94, 95, 96, 84, 85, 86, 87, 13, 14, 15, 23, 33, 43, 34, 44]
[47, 57, 67, 77, 87, 41, 51, 61, 71, 72, 82, 92, 84, 85, 86, 52, 53]
[36, 46, 56, 66, 76, 15, 16, 17, 18, 19, 29, 39, 5, 6, 7, 74, 75]
[13, 14, 15, 16, 17, 94, 95, 96, 97, 80, 81, 82, 31, 41, 51, 38, 48]
[41, 51, 61, 71, 81, 42, 43, 44, 45, 22, 23, 24, 70, 80, 90, 82, 92]
[13, 23, 33, 43, 53, 2, 12, 22, 32, 40, 50, 60, 67, 77, 87, 24, 25]
[14, 15, 16, 17, 18, 45, 55, 65, 75, 22, 23, 24, 10, 20, 30, 41, 51]
[45, 46, 47, 48, 49, 73, 74, 75, 76, 20, 30, 40, 62, 63, 64, 1, 2]
[10, 20, 30, 40, 50, 12, 13, 14, 15, 97, 98, 99, 22, 32, 42, 45, 46]
[25, 26, 27, 28, 29, 33, 34, 35, 36, 43, 44, 45, 47, 57, 67, 16, 17]
[11, 12, 13, 14, 15, 63, 64, 65, 66, 27, 28, 29, 84, 85, 86, 21, 22]
[73, 74, 75, 76, 77, 91, 92, 93, 94, 82, 83, 84, 21, 31, 41, 10, 20]
[45, 55, 65, 75, 85, 39, 49, 59, 69, 3, 4, 5, 6, 16, 26, 57, 58]
[74, 75, 76, 77, 78, 20, 21, 22, 23, 10, 11, 12, 64, 65, 66, 31, 32]
[9, 19, 29, 39, 49, 53, 54, 55, 56, 52, 62, 72, 13, 23, 33, 28, 38]
[40, 50, 60, 70, 80, 56, 57, 58, 59, 17, 18, 19, 6, 7, 8, 53, 54]
[74, 75, 76, 77, 78, 82, 83, 84, 85, 1, 11, 21, 42, 43, 44, 31, 32]
[43, 53, 63, 73, 83, 26, 27, 28, 29, 91, 92, 93, 77, 78, 79, 84, 85]
[20, 30, 40, 50, 60, 52, 53, 54, 55, 15, 16, 17, 49, 59, 69, 25, 35]
[41, 42, 43, 44, 45, 55, 65, 75, 85, 25, 26, 27, 77, 87, 97, 52, 62]
[74, 75, 76, 77, 78, 15, 16, 17, 18, 42, 52, 62, 13, 23, 33, 47, 57]
[71, 72, 73, 74, 75, 10, 11, 12, 13, 36, 37, 38, 47, 48, 49, 50, 51]
[3, 13, 23, 33, 43, 74, 75, 76, 77, 73, 83, 93, 63, 64, 65, 5, 6]
[20, 30, 40, 50, 60, 6, 7, 8, 9, 56, 66, 76, 48, 58, 68, 24, 34]
[51, 61, 71, 81, 91, 2, 3, 4, 5, 36, 37, 38, 10, 20, 30, 58, 68]
[81, 82, 83, 84, 85, 21, 22, 23, 24, 25, 26, 27, 55, 65, 75, 1, 11]
[62, 63, 64, 65, 66, 83, 84, 85, 86, 26, 27, 28, 31, 41, 51, 80, 81]
[21, 31, 41, 51, 61, 50, 60, 70, 80, 36, 37, 38, 48, 58, 68, 86, 96]
[31, 41, 51, 61, 71, 64, 74, 84, 94, 20, 30, 40, 34, 35, 36, 70, 80]
[6, 16, 26, 36, 46, 35, 45, 55, 65, 92, 93, 94, 52, 53, 54, 38, 39]
[58, 68, 78, 88, 98, 73, 74, 75, 76, 30, 31, 32, 33, 34, 35, 6, 16]
[55, 65, 75, 85, 95, 20, 30, 40, 50, 6, 16, 26, 51, 52, 53, 23, 24]
[15, 25, 35, 45, 55, 40, 41, 42, 43, 0, 10, 20, 47, 57, 67, 86, 96]
[50, 60, 70, 80, 90, 43, 53, 63, 73, 25, 26, 27, 5, 6, 7, 83, 93]
[30, 40, 50, 60, 70, 33, 34, 35, 36, 83, 84, 85, 71, 72, 73, 69, 79]
[43, 44, 45, 46, 47, 68, 78, 88, 98, 67, 77, 87, 4, 14, 24, 11, 12]
[2, 12, 22, 32, 42, 85, 86, 87, 88, 94, 95, 96, 61, 71, 81, 67, 77]
[41, 51, 61, 71, 81, 44, 45, 46, 47, 67, 77, 87, 4, 5, 6, 58, 59]
[32, 42, 52, 62, 72, 50, 60, 70, 80, 2, 12, 22, 0, 10, 20, 27, 37]
[91, 92, 93, 94, 95, 22, 32, 42, 52, 16, 26, 36, 19, 29, 39, 87, 88]
[47, 57, 67, 77, 87, 19, 29, 39, 49, 68, 78, 88, 0, 10, 20, 8, 18]
[80, 81, 82, 83, 84, 16, 17, 18, 19, 45, 46, 47, 91, 92, 93, 68, 78]
[51, 52, 53, 54, 55, 1, 2, 3, 4, 45, 46, 47, 80, 81, 82, 69, 79]
[5, 6, 7, 8, 9, 56, 57, 58, 59, 44, 54, 64, 77, 78, 79, 12, 13]
[33, 34, 35, 36, 37, 63, 64, 65, 66, 14, 15, 16, 20, 30, 40, 21, 22]
[23, 33, 43, 53, 63, 26, 36, 46, 56, 49, 59, 69, 74, 75, 76, 57, 58]
[73, 74, 75, 76, 77, 61, 62, 63, 64, 44, 45, 46, 86, 87, 88, 11, 12]
[61, 62, 63, 64, 65, 29, 39, 49, 59, 75, 85, 95, 41, 42, 43, 92, 93]
[35, 36, 37, 38, 39, 58, 68, 78, 88, 33, 43, 53, 15, 16, 17, 60, 70]
[21, 22, 23, 24, 25, 50, 51, 52, 53, 71, 81, 91, 56, 66, 76, 28, 29]
[34, 44, 54, 64, 74, 9, 19, 29, 39, 22, 23, 24, 61, 62, 63, 20, 21]
[12, 22, 32, 42, 52, 15, 25, 35, 45, 40, 50, 60, 0, 10, 20, 82, 83]
[34, 35, 36, 37, 38, 30, 31, 32, 33, 3, 4, 5, 65, 66, 67, 15, 16]
[34, 35, 36, 37, 38, 95, 96, 97, 98, 2, 3, 4, 76, 77, 78, 0, 10]
[27, 37, 47, 57, 67, 33, 43, 53, 63, 13, 14, 15, 30, 31, 32, 12, 22]
[95, 96, 97, 98, 99, 34, 35, 36, 37, 56, 66, 76, 5, 15, 25, 39, 49]
[60, 61, 62, 63, 64, 73, 74, 75, 76, 6, 7, 8, 80, 81, 82, 28, 29]
[51, 61, 71, 81, 91, 24, 25, 26, 27, 63, 64, 65, 34, 35, 36, 42, 52]
[15, 25, 35, 45, 55, 51, 61, 71, 81, 63, 64, 65, 4, 5, 6, 75, 76]
[56, 66, 76, 86, 96, 11, 12, 13, 14, 71, 81, 91, 69, 79, 89, 23, 24]
[33, 43, 53, 63, 73, 68, 78, 88, 98, 21, 31, 41, 84, 85, 86, 2, 3]
[47, 57, 67, 77, 87, 93, 94, 95, 96, 6, 7, 8, 36, 37, 38, 52, 53]
[95, 96, 97, 98, 99, 82, 83, 84, 85, 69, 79, 89, 24, 34, 44, 9, 19]
[85, 86, 87, 88, 89, 34, 35, 36, 37, 42, 52, 62, 30, 31, 32, 17, 18]
[11, 12, 13, 14, 15, 6, 7, 8, 9, 47, 48, 49, 76, 77, 78, 98, 99]
[48, 58, 68, 78, 88, 0, 1, 2, 3, 37, 47, 57, 40, 50, 60, 54, 64]
[30, 40, 50, 60, 70, 6, 7, 8, 9, 32, 33, 34, 1, 11, 21, 15, 16]
[48, 58, 68, 78, 88, 70, 71, 72, 73, 40, 50, 60, 55, 56, 57, 3, 13]
[3, 4, 5, 6, 7, 73, 74, 75, 76, 94, 95, 96, 34, 35, 36, 9, 19]
[38, 48, 58, 68, 78, 85, 86, 87, 88, 6, 16, 26, 30, 31, 32, 29, 39]
[24, 34, 44, 54, 64, 11, 12, 13, 14, 56, 66, 76, 90, 91, 92, 55, 65]
[35, 45, 55, 65, 75, 3, 13, 23, 33, 56, 66, 76, 86, 87, 88, 30, 40]
[12, 13, 14, 15, 16, 49, 59, 69, 79, 81, 82, 83, 66, 67, 68, 75, 76]
[18, 28, 38, 48, 58, 85, 86, 87, 88, 55, 65, 75, 34, 44, 54, 41, 51]
[4, 5, 6, 7, 8, 44, 45, 46, 47, 54, 55, 56, 76, 77, 78, 50, 51]
[51, 52, 53, 54, 55, 48, 58, 68, 78, 26, 27, 28, 20, 21, 22, 6, 7]
[31, 41, 51, 61, 71, 55, 65, 75, 85, 20, 21, 22, 14, 15, 16, 39, 49]
[29, 39, 49, 59, 69, 10, 11, 12, 13, 96, 97, 98, 62, 63, 64, 34, 44]
[13, 14, 15, 16, 17, 70, 71, 72, 73, 77, 87, 97, 37, 38, 39, 30, 31]
[41, 42, 43, 44, 45, 48, 58, 68, 78, 46, 56, 66, 75, 85, 95, 3, 4]
[92, 93, 94, 95, 96, 22, 32, 42, 52, 58, 68, 78, 24, 34, 44, 36, 46]
[12, 13, 14, 15, 16, 60, 70, 80, 90, 6, 7, 8, 20, 30, 40, 87, 88]
[44, 54, 64, 74, 84, 22, 23, 24, 25, 35, 36, 37, 42, 52, 62, 63, 73]
[30, 40, 50, 60, 70, 13, 23, 33, 43, 52, 62, 72, 64, 74, 84, 25, 35]
[50, 51, 52, 53, 54, 63, 64, 65, 66, 56, 57, 58, 3, 13, 23, 30, 31]
[28, 38, 48, 58, 68, 52, 62, 72, 82, 90, 91, 92, 16, 17, 18, 46, 47]
[37, 47, 57, 67, 77, 80, 81, 82, 83, 13, 23, 33, 16, 17, 18, 4, 5]
[32, 42, 52, 62, 72, 22, 23, 24, 25, 47, 57, 67, 74, 75, 76, 16, 26]
[71, 72, 73, 74, 75, 56, 57, 58, 59, 28, 38, 48, 32, 42, 52, 97, 98]
[70, 71, 72, 73, 74, 64, 65, 66, 67, 41, 51, 61, 0, 1, 2, 16, 17]
[14, 15, 16, 17, 18, 55, 65, 75, 85, 39, 49, 59, 90, 91, 92, 52, 62]
[10, 11, 12, 13, 14, 31, 41, 51, 61, 26, 27, 28, 67, 77, 87, 20, 21]
[6, 16, 26, 36, 46, 61, 71, 81, 91, 35, 45, 55, 67, 68, 69, 92, 93]
[32, 33, 34, 35, 36, 58, 68, 78, 88, 73, 74, 75, 90, 91, 92, 46, 56]
[34, 35, 36, 37, 38, 22, 23, 24, 25, 1, 11, 21, 3, 4, 5, 78, 88]
[20, 30, 40, 50, 60, 31, 32, 33, 34, 64, 65, 66, 53, 54, 55, 27, 28]
[50, 51, 52, 53, 54, 59, 69, 79, 89, 83, 84, 85, 6, 7, 8, 61, 71]
[40, 50, 60, 70, 80, 54, 64, 74, 84, 21, 31, 41, 69, 79, 89, 36, 46]
[22, 23, 24, 25, 26, 67, 77, 87, 97, 61, 71, 81, 45, 55, 65, 6, 7]
[24, 34, 44, 54, 64, 39, 49, 59, 69, 46, 56, 66, 17, 18, 19, 77, 78]
[12, 22, 32, 42, 52, 13, 23, 33, 43, 6, 7, 8, 16, 17, 18, 64, 74]
[65, 66, 67, 68, 69, 62, 72, 82, 92, 84, 85, 86, 23, 24, 25, 51, 52]
[35, 36, 37, 38, 39, 64, 65, 66, 67, 73, 74, 75, 1, 11, 21, 85, 86]
[35, 45, 55, 65, 75, 54, 64, 74, 84, 68, 78, 88, 13, 14, 15, 6, 16]
[10, 11, 12, 13, 14, 15, 25, 35, 45, 42, 52, 62, 73, 83, 93, 69, 79]
[84, 85, 86, 87, 88, 14, 24, 34, 44, 38, 48, 58, 8, 18, 28, 30, 40]
[83, 84, 85, 86, 87, 71, 72, 73, 74, 37, 38, 39, 44, 54, 64, 35, 36]
[93, 94, 95, 96, 97, 36, 46, 56, 66, 10, 11, 12, 30, 40, 50, 71, 72]
[43, 53, 63, 73, 83, 86, 87, 88, 89, 96, 97, 98, 34, 35, 36, 7, 8]
[54, 64, 74, 84, 94, 8, 18, 28, 38, 66, 76, 86, 30, 31, 32, 36, 46]
[48, 58, 68, 78, 88, 80, 81, 82, 83, 56, 66, 76, 43, 44, 45, 49, 59]
[45, 46, 47, 48, 49, 4, 14, 24, 34, 60, 61, 62, 51, 52, 53, 81, 91]
[27, 37, 47, 57, 67, 6, 16, 26, 36, 2, 12, 22, 87, 88, 89, 9, 19]
[34, 44, 54, 64, 74, 46, 47, 48, 49, 56, 57, 58, 71, 72, 73, 7, 17]
[34, 35, 36, 37, 38, 67, 77, 87, 97, 11, 12, 13, 50, 60, 70, 41, 42]
[64, 65, 66, 67, 68, 23, 24, 25, 26, 71, 72, 73, 37, 38, 39, 49, 59]
[30, 31, 32, 33, 34, 84, 85, 86, 87, 45, 55, 65, 70, 71, 72, 12, 22]
[51, 52, 53, 54, 55, 85, 86, 87, 88, 92, 93, 94, 48, 58, 68, 74, 75]
[27, 37, 47, 57, 67, 43, 53, 63, 73, 12, 22, 32, 0, 10, 20, 6, 7]
[28, 38, 48, 58, 68, 40, 41, 42, 43, 3, 4, 5, 94, 95, 96, 46, 47]
[53, 54, 55, 56, 57, 90, 91, 92, 93, 67, 68, 69, 11, 21, 31, 37, 47]
[40, 41, 42, 43, 44, 61, 71, 81, 91, 11, 12, 13, 35, 45, 55, 27, 37]
[22, 32, 42, 52, 62, 6, 16, 26, 36, 65, 75, 85, 57, 58, 59, 28, 29]
[52, 62, 72, 82, 92, 55, 56, 57, 58, 5, 6, 7, 32, 33, 34, 87, 88]
[12, 22, 32, 42, 52, 25, 35, 45, 55, 1, 11, 21, 64, 74, 84, 17, 27]
[23, 33, 43, 53, 63, 18, 28, 38, 48, 74, 75, 76, 37, 47, 57, 94, 95]
[65, 66, 67, 68, 69, 41, 42, 43, 44, 62, 72, 82, 13, 14, 15, 38, 39]
[21, 31, 41, 51, 61, 83, 84, 85, 86, 15, 16, 17, 45, 46, 47, 25, 26]
[72, 73, 74, 75, 76, 49, 59, 69, 79, 11, 12, 13, 60, 61, 62, 63, 64]
[94, 95, 96, 97, 98, 49, 59, 69, 79, 42, 52, 62, 7, 8, 9, 82, 92]
[27, 37, 47, 57, 67, 41, 51, 61, 71, 56, 66, 76, 75, 85, 95, 78, 88]
[2, 12, 22, 32, 42, 9, 19, 29, 39, 84, 85, 86, 62, 63, 64, 49, 59]
[20, 21, 22, 23, 24, 49, 59, 69, 79, 40, 41, 42, 63, 73, 83, 14, 15]
[65, 66, 67, 68, 69, 34, 35, 36, 37, 86, 87, 88, 8, 18, 28, 81, 91]
[63, 64, 65, 66, 67, 1, 2, 3, 4, 72, 82, 92, 34, 44, 54, 11, 21]
[33, 43, 53, 63, 73, 16, 17, 18, 19, 77, 87, 97, 30, 40, 50, 21, 31]
[52, 53, 54, 55, 56, 6, 7, 8, 9, 28, 38, 48, 84, 85, 86, 97, 98]
[51, 52, 53, 54, 55, 81, 82, 83, 84, 77, 78, 79, 30, 31, 32, 4, 5]
[54, 55, 56, 57, 58, 60, 61, 62, 63, 4, 5, 6, 71, 81, 91, 40, 41]
[29, 39, 49, 59, 69, 33, 34, 35, 36, 12, 22, 32, 62, 63, 64, 71, 81]
[12, 13, 14, 15, 16, 0, 1, 2, 3, 31, 32, 33, 64, 74, 84, 53, 63]
[80, 81, 82, 83, 84, 24, 34, 44, 54, 91, 92, 93, 96, 97, 98, 66, 67]
[32, 42, 52, 62, 72, 11, 12, 13, 14, 74, 84, 94, 96, 97, 98, 78, 88]
[41, 51, 61, 71, 81, 35, 45, 55, 65, 63, 73, 83, 32, 42, 52, 85, 95]
[31, 32, 33, 34, 35, 95, 96, 97, 98, 52, 53, 54, 7, 17, 27, 14, 15]
[34, 35, 36, 37, 38, 85, 86, 87, 88, 19, 29, 39, 2, 12, 22, 62, 72]
[63, 64, 65, 66, 67, 23, 24, 25, 26, 45, 46, 47, 40, 50, 60, 93, 94]
[73, 74, 75, 76, 77, 20, 30, 40, 50, 24, 34, 44, 71, 81, 91, 83, 84]
[80, 81, 82, 83, 84, 53, 54, 55, 56, 15, 25, 35, 75, 85, 95, 91, 92]
[5, 15, 25, 35, 45, 23, 33, 43, 53, 72, 73, 74, 42, 52, 62, 47, 48]
[43, 44, 45, 46, 47, 61, 71, 81, 91, 48, 58, 68, 22, 32, 42, 66, 67]
[28, 38, 48, 58, 68, 40, 41, 42, 43, 71, 72, 73, 3, 4, 5, 46, 56]
[43, 53, 63, 73, 83, 93, 94, 95, 96, 36, 46, 56, 6, 7, 8, 31, 32]
[11, 12, 13, 14, 15, 19, 29, 39, 49, 6, 16, 26, 76, 77, 78, 17, 18]
[11, 12, 13, 14, 15, 34, 44, 54, 64, 80, 81, 82, 9, 19, 29, 27, 28]
[55, 65, 75, 85, 95, 15, 16, 17, 18, 87, 88, 89, 35, 36, 37, 26, 27]
[32, 42, 52, 62, 72, 18, 28, 38, 48, 19, 29, 39, 73, 74, 75, 6, 7]
[47, 57, 67, 77, 87, 6, 7, 8, 9, 36, 46, 56, 53, 63, 73, 16, 26]
[35, 45, 55, 65, 75, 0, 1, 2, 3, 20, 30, 40, 50, 60, 70, 16, 26]
[49, 59, 69, 79, 89, 53, 63, 73, 83, 12, 13, 14, 9, 19, 29, 10, 11]
